Data	Abertura	Máxima	Mínima	Fechamento
01/06/2022	26,89	26,91	26,48	26,72
31/05/2022	26,66	26,94	26,42	26,88
30/05/2022	25,95	26,64	25,85	26,61
27/05/2022	25,60	26,40	25,60	25,93
26/05/2022	25,65	25,73	25,43	25,57
25/05/2022	25,65	25,81	25,45	25,65
24/05/2022	25,36	25,89	25,32	25,84
23/05/2022	25,33	25,71	25,10	25,58
20/05/2022	25,62	25,71	25,28	25,47
19/05/2022	25,41	25,50	25,16	25,40
18/05/2022	25,79	25,88	25,27	25,41
17/05/2022	25,67	25,90	25,58	25,81
16/05/2022	25,78	25,98	25,29	25,52
13/05/2022	25,42	25,82	25,21	25,78
12/05/2022	24,65	25,39	24,65	25,39
11/05/2022	24,93	25,01	24,58	24,79
10/05/2022	25,50	25,93	24,85	24,98
09/05/2022	24,84	25,41	24,50	25,38
06/05/2022	24,95	25,05	24,63	25,03
05/05/2022	25,53	25,53	24,70	25,03
04/05/2022	25,10	25,62	24,73	25,62
03/05/2022	24,76	25,12	24,71	25,12
02/05/2022	25,21	25,51	24,46	24,95
29/04/2022	26,00	26,02	25,13	25,43
28/04/2022	26,01	26,10	25,45	25,89
27/04/2022	26,25	26,30	25,77	26,08
26/04/2022	26,20	26,44	25,82	26,07
25/04/2022	26,11	26,49	25,77	26,37
22/04/2022	26,74	26,99	26,17	26,39
20/04/2022	26,00	26,84	25,99	26,76
19/04/2022	26,77	26,95	25,96	26,02
18/04/2022	26,08	26,78	26,08	26,78
14/04/2022	25,90	26,30	25,76	26,16
13/04/2022	25,78	26,07	25,57	25,94
12/04/2022	26,03	26,67	25,63	25,71
11/04/2022	26,24	26,45	25,90	25,93
08/04/2022	26,09	26,36	25,90	26,20
07/04/2022	25,80	26,46	25,63	26,00
06/04/2022	25,52	25,98	25,27	25,76
05/04/2022	25,77	25,92	25,43	25,52
04/04/2022	25,89	26,00	25,68	25,80
01/04/2022	25,68	25,97	25,33	25,91
31/03/2022	24,87	25,69	24,87	25,56
30/03/2022	24,87	24,95	24,70	24,90
29/03/2022	24,64	24,89	24,61	24,80
28/03/2022	24,45	24,70	24,36	24,59
25/03/2022	24,38	24,78	24,34	24,45
24/03/2022	24,00	24,40	23,90	24,40
23/03/2022	24,03	24,14	23,81	24,05
22/03/2022	23,72	24,21	23,72	24,08
21/03/2022	23,34	23,68	23,33	23,64
18/03/2022	23,10	23,55	23,08	23,34
17/03/2022	22,85	23,30	22,66	23,30
16/03/2022	22,51	22,83	22,45	22,80
15/03/2022	22,45	22,68	22,36	22,46
14/03/2022	22,59	22,81	22,29	22,47
11/03/2022	22,70	22,74	22,36	22,50
10/03/2022	22,20	22,67	22,08	22,57
09/03/2022	21,88	22,50	21,84	22,39
08/03/2022	22,10	22,20	21,78	21,88
07/03/2022	22,12	22,45	22,00	22,10
04/03/2022	23,07	23,17	22,32	22,54
03/03/2022	23,07	23,22	22,70	23,07
02/03/2022	22,30	23,19	21,86	23,09
25/02/2022	22,76	23,06	22,67	23,04
24/02/2022	22,54	23,12	22,05	22,90
23/02/2022	23,13	23,48	23,01	23,01
22/02/2022	23,17	23,43	23,11	23,16
21/02/2022	23,14	23,43	23,05	23,12
18/02/2022	23,26	23,35	23,15	23,18
17/02/2022	23,01	23,29	22,84	23,17
16/02/2022	23,10	23,19	22,63	23,08
15/02/2022	23,50	23,66	23,10	23,14
14/02/2022	22,78	23,44	22,71	23,37
11/02/2022	23,00	23,14	22,47	22,76
10/02/2022	23,44	23,64	23,08	23,43
09/02/2022	23,18	23,55	23,14	23,35
08/02/2022	23,28	23,75	23,01	23,18
07/02/2022	22,40	23,31	22,32	23,22
04/02/2022	22,06	22,07	21,67	21,96
03/02/2022	21,93	22,19	21,72	22,06
02/02/2022	22,17	22,31	21,93	21,93
01/02/2022	22,22	22,54	22,04	22,21
31/01/2022	21,78	22,37	21,73	22,26
28/01/2022	21,34	21,89	21,30	21,82
27/01/2022	20,32	21,80	20,32	21,54
26/01/2022	20,33	20,56	20,22	20,34
25/01/2022	20,06	20,40	19,82	20,33
24/01/2022	19,95	20,31	19,60	20,13
21/01/2022	19,68	19,95	19,50	19,84
20/01/2022	19,91	19,97	19,55	19,77
19/01/2022	19,70	19,96	19,48	19,89
18/01/2022	18,92	19,57	18,67	19,54
17/01/2022	18,71	19,18	18,57	18,92
14/01/2022	18,47	18,71	18,42	18,71
13/01/2022	18,42	18,67	18,33	18,45
12/01/2022	18,60	18,73	18,30	18,42
11/01/2022	18,66	18,71	18,45	18,59
10/01/2022	19,01	19,01	18,29	18,58
07/01/2022	19,67	19,67	19,03	19,05
06/01/2022	19,53	19,86	19,43	19,66
05/01/2022	19,75	19,96	19,48	19,53
04/01/2022	19,83	20,00	19,72	19,77
03/01/2022	20,12	20,32	19,72	19,82
30/12/2021	19,91	20,25	19,80	19,96
29/12/2021	20,00	20,05	19,70	19,88
28/12/2021	19,96	20,10	19,81	20,00
27/12/2021	19,82	20,06	19,79	19,96
23/12/2021	19,80	20,13	19,69	19,84
22/12/2021	19,78	19,86	19,53	19,73
21/12/2021	19,62	19,77	19,34	19,74
20/12/2021	19,74	19,74	19,39	19,60
17/12/2021	20,10	20,10	19,76	19,76
16/12/2021	20,32	20,39	20,10	20,13
15/12/2021	20,09	20,43	19,91	20,23
14/12/2021	20,21	20,45	19,87	19,98
13/12/2021	20,39	20,52	20,10	20,10
10/12/2021	20,39	20,54	20,28	20,35
09/12/2021	20,83	21,07	20,20	20,31
08/12/2021	20,56	20,94	20,31	20,84
07/12/2021	20,67	20,87	20,39	20,41
06/12/2021	20,38	20,68	20,36	20,48
03/12/2021	20,29	20,83	20,26	20,37
02/12/2021	19,82	20,29	19,73	20,25
01/12/2021	20,32	20,32	19,63	19,65
30/11/2021	20,58	20,58	19,97	20,09
29/11/2021	20,97	21,02	20,45	20,59
26/11/2021	20,96	21,08	20,66	20,71
25/11/2021	20,84	21,48	20,84	21,29
24/11/2021	20,68	21,12	20,51	20,81
23/11/2021	20,86	21,00	20,46	20,70
22/11/2021	21,23	21,54	20,99	20,99
19/11/2021	21,87	22,00	21,28	21,38
18/11/2021	21,88	22,16	21,77	21,87
17/11/2021	22,32	22,60	21,68	21,81
16/11/2021	22,05	22,38	21,98	22,28
12/11/2021	22,33	22,65	22,19	22,20
11/11/2021	22,46	22,49	22,17	22,40
10/11/2021	22,49	22,60	22,17	22,24
09/11/2021	21,91	22,57	21,86	22,55
08/11/2021	21,77	22,12	21,39	21,95
05/11/2021	21,93	21,98	21,62	21,97
04/11/2021	21,74	21,98	21,45	21,78
03/11/2021	21,16	21,83	21,16	21,75
01/11/2021	21,54	21,61	21,18	21,21
29/10/2021	21,45	21,62	21,17	21,25
28/10/2021	21,50	21,76	21,28	21,33
27/10/2021	21,43	22,00	21,31	21,64
26/10/2021	21,33	21,56	21,18	21,33
25/10/2021	20,97	21,79	20,95	21,59
22/10/2021	20,52	21,12	20,02	20,85
21/10/2021	20,19	20,80	20,14	20,68
20/10/2021	20,54	20,92	20,46	20,52
19/10/2021	20,71	20,80	20,32	20,45
18/10/2021	20,76	21,07	20,40	20,86
15/10/2021	20,52	20,88	20,28	20,86
14/10/2021	20,25	20,93	20,24	20,50
13/10/2021	19,67	20,32	19,65	20,16
11/10/2021	19,24	19,77	19,24	19,64
08/10/2021	19,09	19,48	19,08	19,30
07/10/2021	19,09	19,44	18,94	18,99
06/10/2021	19,01	19,26	18,69	19,01
05/10/2021	19,17	19,57	19,03	19,22
04/10/2021	19,58	19,59	19,00	19,09
01/10/2021	19,23	19,69	19,08	19,61
30/09/2021	19,57	19,58	19,03	19,19
29/09/2021	19,58	19,86	19,48	19,56
28/09/2021	19,45	19,77	19,34	19,45
27/09/2021	19,31	19,72	19,22	19,48
24/09/2021	18,65	19,28	18,59	19,20
23/09/2021	18,71	19,09	18,59	18,77
22/09/2021	18,67	18,84	18,52	18,64
21/09/2021	18,29	18,66	18,16	18,49
20/09/2021	18,28	18,44	18,04	18,19
17/09/2021	18,64	18,64	18,33	18,59
16/09/2021	18,46	18,80	18,33	18,66
15/09/2021	18,86	18,92	18,42	18,49
14/09/2021	18,88	19,09	18,80	18,87
13/09/2021	18,58	19,07	18,40	18,83
10/09/2021	18,34	18,62	18,17	18,33
09/09/2021	17,80	18,28	17,58	18,10
08/09/2021	18,46	18,46	17,70	17,70
06/09/2021	18,41	18,57	18,37	18,54
03/09/2021	18,18	18,45	18,09	18,45
02/09/2021	18,48	18,48	17,97	17,98
01/09/2021	18,37	19,02	18,27	18,60
31/08/2021	18,58	18,74	18,14	18,33
30/08/2021	19,03	19,03	18,56	18,56
27/08/2021	19,01	19,12	18,83	18,98
26/08/2021	19,38	19,45	18,87	18,87
25/08/2021	19,32	19,49	19,14	19,42
24/08/2021	18,98	19,31	18,86	19,20
23/08/2021	19,20	19,26	18,76	18,76
20/08/2021	18,95	19,18	18,82	19,10
19/08/2021	18,74	19,09	18,56	19,00
18/08/2021	19,14	19,27	18,87	18,93
17/08/2021	19,43	19,43	18,88	19,07
16/08/2021	19,84	19,85	19,32	19,33
13/08/2021	20,17	20,19	19,75	19,84
12/08/2021	20,20	20,35	19,82	20,10
11/08/2021	20,33	20,53	20,14	20,37
10/08/2021	20,47	20,53	20,09	20,19
09/08/2021	20,08	20,43	20,08	20,36
06/08/2021	20,02	20,14	19,87	20,00
05/08/2021	20,35	20,55	19,93	19,93
04/08/2021	20,26	20,46	20,05	20,16
03/08/2021	19,83	20,43	19,68	20,22
02/08/2021	20,27	20,27	19,48	19,72
30/07/2021	20,22	20,36	20,00	20,06
29/07/2021	20,40	20,49	20,20	20,31
28/07/2021	20,34	20,64	20,20	20,40
27/07/2021	20,56	20,56	20,09	20,22
26/07/2021	20,65	20,71	20,53	20,60
23/07/2021	20,56	20,78	20,44	20,66
22/07/2021	20,81	20,84	20,47	20,52
21/07/2021	20,84	21,05	20,74	20,80
20/07/2021	20,85	20,96	20,64	20,82
19/07/2021	21,03	21,08	20,75	20,78
16/07/2021	21,44	21,48	21,12	21,12
15/07/2021	21,64	21,81	21,32	21,32
14/07/2021	21,59	21,85	21,53	21,69
13/07/2021	21,68	21,69	21,35	21,41
12/07/2021	21,41	21,75	21,29	21,75
08/07/2021	21,22	21,39	21,14	21,22
07/07/2021	21,36	21,69	21,20	21,45
06/07/2021	21,50	21,51	21,19	21,22
05/07/2021	21,74	21,74	21,50	21,51
02/07/2021	21,93	21,99	21,71	21,73
01/07/2021	21,73	21,89	21,65	21,81
30/06/2021	22,13	22,22	21,69	21,69
29/06/2021	22,52	22,52	22,10	22,29
28/06/2021	22,25	22,67	22,05	22,63
25/06/2021	23,17	23,17	22,26	22,46
24/06/2021	23,22	23,34	22,62	22,91
23/06/2021	23,86	23,94	23,15	23,19
22/06/2021	23,86	24,01	23,66	23,98
21/06/2021	23,75	23,94	23,71	23,91
18/06/2021	23,65	23,86	23,47	23,81
17/06/2021	23,55	23,90	23,51	23,60
16/06/2021	23,56	23,69	23,31	23,50
15/06/2021	23,42	23,70	23,42	23,56
14/06/2021	23,22	23,42	23,10	23,40
11/06/2021	23,16	23,27	22,90	23,07
10/06/2021	22,84	23,19	22,69	23,19
09/06/2021	22,83	22,96	22,58	22,80
08/06/2021	23,11	23,13	22,77	22,82
07/06/2021	22,79	23,19	22,68	23,11
04/06/2021	22,66	22,85	22,56	22,71
02/06/2021	22,78	23,22	22,46	22,63
01/06/2021	22,02	22,63	22,02	22,62
31/05/2021	22,00	22,04	21,85	21,97
28/05/2021	21,98	22,08	21,89	21,96
27/05/2021	21,83	21,99	21,76	21,99
26/05/2021	22,02	22,02	21,75	21,83
25/05/2021	22,05	22,07	21,79	21,94
24/05/2021	22,25	22,28	22,07	22,15
21/05/2021	22,22	22,27	21,97	22,19
20/05/2021	21,97	22,19	21,84	22,19
19/05/2021	21,81	22,13	21,73	21,90
18/05/2021	22,04	22,07	21,82	21,85
17/05/2021	22,02	22,13	21,87	22,06
14/05/2021	22,06	22,32	21,84	21,92
13/05/2021	21,73	22,04	21,66	21,94
12/05/2021	21,80	22,06	21,58	21,61
11/05/2021	21,33	21,96	21,22	21,96
10/05/2021	21,68	21,73	21,33	21,40
07/05/2021	21,37	21,69	21,25	21,59
06/05/2021	20,94	21,36	20,81	21,30
05/05/2021	20,73	20,99	20,62	20,99
04/05/2021	21,01	21,02	20,64	20,64
03/05/2021	21,25	21,42	20,89	20,91
30/04/2021	21,36	21,36	20,89	20,96
29/04/2021	21,18	21,50	21,12	21,36
28/04/2021	21,22	21,30	20,83	21,10
27/04/2021	21,79	21,79	21,02	21,02
26/04/2021	21,98	22,15	21,71	21,77
23/04/2021	21,94	22,25	21,82	21,97
22/04/2021	22,11	22,17	21,69	21,79
20/04/2021	21,89	22,05	21,86	21,90
19/04/2021	22,40	22,42	21,80	21,86
16/04/2021	22,23	22,36	22,09	22,28
15/04/2021	22,35	22,57	22,19	22,20
14/04/2021	22,41	22,48	22,23	22,33
13/04/2021	22,66	22,67	22,22	22,36
12/04/2021	22,53	22,77	22,52	22,66
09/04/2021	22,50	22,75	22,37	22,43
08/04/2021	22,66	22,83	22,50	22,50
07/04/2021	22,56	22,74	22,42	22,57
06/04/2021	22,64	22,74	22,46	22,59
05/04/2021	22,68	22,86	22,49	22,60
01/04/2021	23,01	23,09	22,45	22,46
31/03/2021	23,38	23,38	22,65	22,77
30/03/2021	22,58	23,43	22,50	23,27
29/03/2021	22,48	22,77	22,37	22,60
26/03/2021	22,44	22,74	22,27	22,50
25/03/2021	22,36	22,64	22,19	22,39
24/03/2021	22,87	22,98	22,29	22,29
23/03/2021	22,85	23,13	22,76	22,80
22/03/2021	23,03	23,14	22,83	22,93
19/03/2021	22,86	23,30	22,66	23,00
18/03/2021	23,08	23,44	22,79	22,81
17/03/2021	22,42	22,91	22,08	22,73
16/03/2021	22,69	22,73	22,33	22,46
15/03/2021	22,49	22,82	22,49	22,62
12/03/2021	22,79	22,88	22,45	22,49
11/03/2021	22,91	23,22	22,62	22,88
10/03/2021	22,35	22,84	22,23	22,67
09/03/2021	22,81	22,85	22,21	22,21
08/03/2021	23,28	23,46	22,74	22,89
05/03/2021	23,05	23,85	22,91	23,61
04/03/2021	23,33	23,89	22,89	23,00
03/03/2021	23,21	23,34	22,42	23,11
02/03/2021	23,10	23,49	22,50	23,27
01/03/2021	24,11	24,13	23,21	23,28
26/02/2021	24,44	24,58	23,88	23,88
25/02/2021	24,92	25,06	24,20	24,34
24/02/2021	25,27	25,45	24,80	24,92
23/02/2021	24,98	25,33	24,65	25,19
22/02/2021	25,48	25,50	24,79	24,96
19/02/2021	25,96	26,18	25,84	25,98
18/02/2021	26,10	26,16	25,88	25,97
17/02/2021	26,30	26,33	25,96	26,23
12/02/2021	26,25	26,34	26,04	26,30
11/02/2021	26,60	26,72	26,32	26,44
10/02/2021	26,39	26,65	26,26	26,52
09/02/2021	25,94	26,56	25,76	26,39
08/02/2021	26,74	26,77	25,81	25,93
05/02/2021	26,22	26,39	25,94	26,33
04/02/2021	26,17	26,45	26,07	26,11
03/02/2021	26,28	26,53	26,13	26,17
02/02/2021	26,08	26,46	25,97	26,12
01/02/2021	25,85	26,22	25,33	25,90
29/01/2021	25,99	26,04	25,54	25,54
28/01/2021	25,83	26,24	25,67	26,06
27/01/2021	26,24	26,31	25,74	25,85
26/01/2021	26,24	26,73	26,11	26,27
22/01/2021	26,31	26,48	26,05	26,24
21/01/2021	26,46	26,67	26,16	26,58
20/01/2021	26,66	26,82	26,36	26,45
19/01/2021	27,01	27,15	26,53	26,62
18/01/2021	27,24	27,50	26,62	26,82
15/01/2021	27,50	27,70	27,10	27,10
14/01/2021	27,60	28,11	27,40	27,68
13/01/2021	27,18	27,57	26,98	27,31
12/01/2021	27,05	27,36	26,94	27,18
11/01/2021	27,40	27,63	26,69	27,01
08/01/2021	26,96	27,70	26,85	27,58
07/01/2021	26,29	26,87	25,93	26,75
06/01/2021	26,60	26,63	26,13	26,19
05/01/2021	27,01	27,01	26,29	26,63
04/01/2021	27,36	27,52	26,68	27,13
30/12/2020	27,88	27,90	27,36	27,36
29/12/2020	27,60	28,10	27,57	27,75
28/12/2020	27,04	27,65	26,97	27,45
23/12/2020	27,00	27,12	26,76	26,89
22/12/2020	26,80	27,02	26,56	26,92
21/12/2020	26,77	27,18	26,59	26,75
18/12/2020	27,98	28,15	27,12	27,33
17/12/2020	28,10	28,40	27,91	27,94
16/12/2020	27,68	28,29	27,48	27,94
15/12/2020	27,69	27,86	27,49	27,63
14/12/2020	27,71	28,01	27,45	27,56
11/12/2020	27,06	27,81	26,98	27,65
10/12/2020	26,41	27,23	26,27	27,21
09/12/2020	26,22	26,53	26,09	26,39
08/12/2020	26,76	26,84	26,15	26,45
07/12/2020	26,50	27,20	26,49	26,75
04/12/2020	26,68	26,86	26,46	26,53
03/12/2020	26,44	26,92	26,31	26,53
02/12/2020	26,23	26,77	26,23	26,35
01/12/2020	26,77	26,90	26,20	26,20
30/11/2020	27,27	27,32	26,37	26,37
27/11/2020	27,22	27,51	27,18	27,35
26/11/2020	27,03	27,17	26,82	27,16
25/11/2020	27,05	27,33	26,78	27,09
24/11/2020	27,06	27,25	26,87	27,13
23/11/2020	26,31	27,04	26,28	26,89
20/11/2020	26,04	26,39	25,92	26,22
19/11/2020	26,14	26,27	25,83	25,92
18/11/2020	26,54	26,82	26,03	26,12
17/11/2020	25,83	26,59	25,79	26,54
16/11/2020	25,19	25,85	25,17	25,85
13/11/2020	24,64	25,06	24,28	25,06
12/11/2020	24,90	24,98	24,23	24,47
11/11/2020	25,16	25,30	24,73	24,90
10/11/2020	24,58	25,33	24,42	25,16
09/11/2020	24,73	25,11	24,28	24,58
06/11/2020	23,93	24,41	23,83	24,14
05/11/2020	24,00	24,14	23,65	24,02
04/11/2020	23,00	23,87	23,00	23,54
03/11/2020	22,31	23,09	22,26	22,79
30/10/2020	22,41	22,43	21,80	21,86
29/10/2020	22,48	22,53	22,08	22,42
28/10/2020	23,07	23,07	22,41	22,45
27/10/2020	23,81	23,89	23,28	23,34
26/10/2020	23,59	23,91	23,54	23,74
23/10/2020	23,64	23,78	23,52	23,61
22/10/2020	23,76	23,83	23,50	23,65
21/10/2020	23,37	24,05	23,17	23,66
20/10/2020	23,34	23,54	23,16	23,20
19/10/2020	22,80	23,45	22,74	23,18
16/10/2020	22,89	23,10	22,69	22,69
15/10/2020	22,65	23,16	22,53	22,89
14/10/2020	22,73	22,98	22,67	22,83
13/10/2020	22,47	23,01	22,40	22,66
09/10/2020	22,62	22,82	22,34	22,34
08/10/2020	22,21	22,92	22,12	22,62
07/10/2020	22,56	22,57	22,16	22,16
06/10/2020	22,71	22,79	22,38	22,44
05/10/2020	22,76	22,82	22,30	22,58
02/10/2020	22,68	23,14	22,44	22,53
01/10/2020	22,48	22,81	22,32	22,72
30/09/2020	22,57	22,57	22,27	22,41
29/09/2020	22,54	22,71	22,18	22,57
28/09/2020	23,30	23,45	22,28	22,39
25/09/2020	23,17	23,33	22,97	23,11
24/09/2020	22,94	23,63	22,80	23,33
23/09/2020	23,34	23,74	22,80	22,81
22/09/2020	23,28	23,58	23,18	23,33
21/09/2020	23,43	23,46	23,04	23,21
18/09/2020	23,96	24,04	23,45	23,64
17/09/2020	24,05	24,37	23,96	24,10
16/09/2020	24,18	24,45	24,18	24,21
15/09/2020	23,97	24,37	23,82	24,10
14/09/2020	23,73	24,09	23,59	23,88
11/09/2020	24,37	24,41	23,52	23,52
10/09/2020	24,56	24,65	24,13	24,26
09/09/2020	24,64	24,78	24,44	24,56
08/09/2020	24,65	24,87	24,38	24,54
04/09/2020	24,93	25,00	24,47	24,93
03/09/2020	25,03	25,75	24,70	24,90
02/09/2020	25,21	25,24	24,91	25,14
01/09/2020	24,71	25,17	24,68	24,84
31/08/2020	25,32	25,38	24,36	24,36
28/08/2020	24,47	25,72	24,47	25,44
27/08/2020	24,31	24,51	24,06	24,47
26/08/2020	24,70	24,70	23,97	24,31
25/08/2020	24,68	24,75	24,45	24,70
24/08/2020	24,65	24,84	24,43	24,46
21/08/2020	24,46	24,59	24,27	24,59
20/08/2020	24,18	24,60	24,10	24,45
19/08/2020	25,13	25,14	24,49	24,49
18/08/2020	24,74	25,03	24,20	24,95
17/08/2020	24,94	25,18	24,06	24,24
14/08/2020	24,93	25,22	24,80	24,97
13/08/2020	25,85	26,11	25,02	25,02
12/08/2020	26,14	26,65	25,80	25,92
11/08/2020	26,01	26,19	25,88	25,88
10/08/2020	25,79	25,93	25,47	25,73
07/08/2020	25,74	26,09	25,50	25,56
06/08/2020	25,37	25,96	25,18	25,76
05/08/2020	25,58	26,01	25,10	25,26
04/08/2020	25,38	26,30	25,03	25,16
03/08/2020	25,25	25,69	24,73	25,31
31/07/2020	25,36	25,37	24,68	24,92
30/07/2020	25,15	25,26	24,94	25,13
29/07/2020	25,27	25,50	25,13	25,28
28/07/2020	25,71	25,94	25,13	25,13
27/07/2020	25,11	25,74	25,08	25,51
24/07/2020	24,92	25,29	24,77	25,07
23/07/2020	25,51	25,51	24,85	24,95
22/07/2020	25,30	25,63	25,10	25,37
21/07/2020	25,63	25,88	25,06	25,26
20/07/2020	24,71	25,58	24,60	25,35
17/07/2020	24,55	24,87	24,55	24,67
16/07/2020	24,57	24,80	24,44	24,53
15/07/2020	24,65	24,86	24,41	24,68
14/07/2020	24,53	24,79	24,17	24,45
13/07/2020	24,98	25,14	24,51	24,51
10/07/2020	25,17	25,29	24,63	24,82
09/07/2020	25,51	25,51	24,83	25,11
08/07/2020	25,11	25,65	24,82	25,37
07/07/2020	25,09	25,28	24,65	24,89
06/07/2020	25,29	25,52	24,86	25,10
03/07/2020	24,66	25,16	24,60	24,86
02/07/2020	25,25	25,25	24,56	24,65
01/07/2020	24,79	25,08	24,48	24,80
30/06/2020	25,11	25,31	24,42	24,42
29/06/2020	25,16	25,66	25,04	25,29
26/06/2020	25,53	25,89	24,90	24,94
25/06/2020	25,40	25,99	25,37	25,97
24/06/2020	25,61	25,89	25,22	25,40
23/06/2020	26,38	26,40	25,74	25,74
22/06/2020	25,85	26,02	25,42	25,81
19/06/2020	25,21	26,38	25,21	25,78
18/06/2020	23,83	25,14	23,78	24,91
17/06/2020	23,52	24,53	23,44	24,26
16/06/2020	24,06	24,15	23,06	23,41
15/06/2020	23,32	24,05	22,92	23,59
12/06/2020	23,72	23,74	23,10	23,66
10/06/2020	24,99	25,07	24,04	24,04
09/06/2020	25,01	25,13	24,73	24,73
08/06/2020	25,61	25,79	25,17	25,43
05/06/2020	25,75	26,18	25,19	25,51
04/06/2020	24,80	25,18	24,58	25,11
03/06/2020	24,17	25,68	23,98	24,97
02/06/2020	23,14	23,74	23,12	23,74
01/06/2020	22,72	23,21	22,59	22,97
29/05/2020	22,88	22,91	22,30	22,63
28/05/2020	22,70	23,40	22,47	22,93
27/05/2020	22,88	22,92	22,56	22,65
26/05/2020	22,70	22,96	22,34	22,55
25/05/2020	21,94	22,37	21,75	22,07
22/05/2020	21,73	22,32	21,05	21,05
21/05/2020	21,35	21,78	21,08	21,62
20/05/2020	21,04	21,59	20,79	21,07
19/05/2020	21,12	21,65	20,68	21,02
18/05/2020	20,72	21,35	20,33	21,04
15/05/2020	20,86	21,05	20,04	20,23
14/05/2020	20,82	21,23	20,41	21,23
13/05/2020	20,55	20,71	20,27	20,69
12/05/2020	21,34	21,52	20,46	20,46
11/05/2020	20,92	21,49	20,75	21,09
08/05/2020	21,62	21,81	20,69	20,83
07/05/2020	21,79	21,90	20,75	21,03
06/05/2020	22,30	22,45	21,62	21,95
05/05/2020	23,02	23,20	22,29	22,29
04/05/2020	22,78	22,94	22,23	22,65
30/04/2020	22,68	23,87	22,68	23,77
29/04/2020	23,00	23,36	22,56	23,28
28/04/2020	23,68	23,68	22,50	22,62
27/04/2020	22,16	23,43	22,16	22,65
24/04/2020	22,90	23,23	21,09	21,85
23/04/2020	24,09	24,49	23,06	23,44
22/04/2020	23,44	24,13	23,32	24,13
20/04/2020	22,95	24,09	22,74	23,50
17/04/2020	23,63	23,79	22,68	23,21
16/04/2020	23,82	24,16	23,04	23,10
15/04/2020	23,14	24,23	22,86	23,47
14/04/2020	23,64	24,19	22,92	23,40
13/04/2020	23,12	23,64	22,56	23,36
09/04/2020	23,09	23,53	22,75	23,08
08/04/2020	22,49	23,12	22,03	22,84
07/04/2020	22,65	23,32	22,18	22,37
06/04/2020	21,95	22,39	21,11	21,16
03/04/2020	21,07	21,33	19,81	20,85
02/04/2020	21,52	22,23	21,02	21,02
01/04/2020	21,60	22,06	21,02	21,54
31/03/2020	22,19	22,72	21,50	22,25
30/03/2020	21,88	22,88	21,52	22,20
27/03/2020	22,69	22,98	21,77	21,94
26/03/2020	23,76	24,57	23,25	23,77
25/03/2020	21,69	25,61	21,69	23,76
24/03/2020	21,14	23,23	21,09	22,12
23/03/2020	21,58	21,58	19,73	20,06
20/03/2020	22,83	23,06	20,50	21,93
19/03/2020	23,22	23,89	21,70	21,91
18/03/2020	21,85	24,35	21,85	24,04
17/03/2020	21,77	24,72	21,61	23,88
16/03/2020	21,09	22,80	21,09	21,56
13/03/2020	24,62	25,12	21,96	23,83
12/03/2020	23,28	24,04	21,43	22,57
11/03/2020	25,51	25,63	23,67	24,87
10/03/2020	25,97	26,48	25,10	25,97
09/03/2020	25,97	26,40	25,38	25,42
06/03/2020	26,44	27,59	25,37	27,29
05/03/2020	27,76	27,98	27,23	27,25
04/03/2020	27,93	28,19	27,42	27,79
03/03/2020	28,27	28,58	27,40	27,42
02/03/2020	28,52	28,69	28,02	28,29
28/02/2020	28,29	28,52	27,48	28,52
27/02/2020	28,25	29,04	28,09	28,18
26/02/2020	28,47	28,88	27,94	28,41
21/02/2020	29,82	29,83	29,13	29,55
20/02/2020	30,50	30,55	29,89	29,94
19/02/2020	29,91	30,51	29,77	30,42
18/02/2020	30,08	30,08	29,47	29,84
17/02/2020	31,04	31,04	30,02	30,20
14/02/2020	31,34	31,53	30,87	30,87
13/02/2020	31,56	31,86	31,18	31,63
12/02/2020	31,60	32,11	31,23	31,56
11/02/2020	30,88	31,75	30,84	31,32
10/02/2020	30,62	30,70	30,06	30,43
07/02/2020	29,32	30,56	29,32	30,04
06/02/2020	29,69	30,22	29,35	29,56
05/02/2020	29,65	29,90	29,32	29,42
04/02/2020	30,05	30,12	29,26	29,26
03/02/2020	29,65	30,12	29,22	29,67
31/01/2020	29,96	30,11	29,39	29,54
30/01/2020	29,75	30,48	29,63	30,25
29/01/2020	29,87	30,57	29,67	30,26
28/01/2020	29,77	29,95	29,54	29,74
27/01/2020	30,17	30,41	29,60	29,73
24/01/2020	30,80	30,87	30,30	30,50
23/01/2020	30,54	30,80	30,03	30,78
22/01/2020	30,50	30,95	30,50	30,74
21/01/2020	30,64	31,01	30,49	30,58
20/01/2020	30,79	30,94	30,52	30,72
17/01/2020	30,77	31,09	30,62	30,70
16/01/2020	31,29	31,32	30,61	30,64
15/01/2020	31,13	31,39	30,93	31,09
14/01/2020	30,73	31,12	30,68	31,06
13/01/2020	30,95	31,15	30,33	30,69
10/01/2020	31,37	31,56	30,69	30,92
09/01/2020	31,42	31,67	31,03	31,29
08/01/2020	31,65	31,67	31,23	31,38
07/01/2020	31,71	31,80	31,29	31,40
06/01/2020	31,13	31,42	30,94	31,38
03/01/2020	31,08	31,86	30,82	30,87
02/01/2020	31,14	31,46	31,06	31,22
30/12/2019	31,06	31,27	30,85	30,89
27/12/2019	31,13	31,38	30,78	31,01
26/12/2019	31,09	31,14	30,81	30,94
23/12/2019	30,94	31,28	30,84	31,10
20/12/2019	31,38	31,38	30,92	30,92
19/12/2019	30,73	31,38	30,72	31,38
18/12/2019	30,73	31,26	30,65	31,16
17/12/2019	30,18	30,86	30,18	30,77
16/12/2019	30,69	30,81	30,17	30,17
13/12/2019	30,10	30,60	29,88	30,60
12/12/2019	29,99	30,19	29,69	29,91
11/12/2019	29,82	30,07	29,67	29,78
10/12/2019	29,88	29,91	29,45	29,65
09/12/2019	30,07	30,30	29,92	30,01
06/12/2019	30,32	30,39	29,92	30,09
05/12/2019	29,59	30,32	29,51	30,07
04/12/2019	29,42	29,89	29,34	29,59
03/12/2019	28,31	29,56	28,31	29,38
02/12/2019	28,42	28,68	28,25	28,29
29/11/2019	28,50	28,51	28,02	28,23
28/11/2019	27,82	28,38	27,82	28,24
27/11/2019	27,76	28,25	27,54	27,82
26/11/2019	28,34	28,36	27,77	27,77
25/11/2019	28,31	28,64	28,31	28,36
22/11/2019	28,80	29,09	28,66	28,84
21/11/2019	27,86	28,98	27,83	28,80
19/11/2019	27,78	27,99	27,71	27,88
18/11/2019	28,07	28,42	27,65	27,78
14/11/2019	28,02	28,20	27,84	28,19
13/11/2019	27,73	28,31	27,62	28,03
12/11/2019	28,09	28,35	27,68	27,99
11/11/2019	28,43	28,47	28,03	28,33
08/11/2019	28,92	28,94	28,15	28,42
07/11/2019	29,06	29,19	28,79	29,06
06/11/2019	28,34	28,99	27,95	28,98
05/11/2019	27,62	28,35	27,57	28,23
04/11/2019	28,79	28,79	27,33	27,55
01/11/2019	27,95	28,18	27,79	28,12
31/10/2019	27,70	27,98	27,41	27,83
30/10/2019	27,99	28,15	27,57	27,86
29/10/2019	28,50	28,51	27,91	28,01
28/10/2019	28,80	29,24	28,50	28,50
25/10/2019	29,25	29,29	28,79	28,83
24/10/2019	29,09	29,33	29,00	29,21
23/10/2019	28,88	29,34	28,74	29,12
22/10/2019	28,54	28,97	28,38	28,97
21/10/2019	28,22	28,59	28,12	28,51
18/10/2019	28,58	28,83	28,24	28,24
17/10/2019	28,47	29,09	28,47	28,74
16/10/2019	28,23	28,66	28,01	28,59
15/10/2019	28,11	28,49	28,00	28,20
14/10/2019	28,11	28,22	27,70	28,07
11/10/2019	27,29	28,07	27,24	28,07
10/10/2019	26,89	27,30	26,72	27,08
09/10/2019	26,57	27,01	26,47	26,88
08/10/2019	26,63	26,96	26,14	26,42
07/10/2019	27,29	27,47	26,59	26,63
04/10/2019	27,44	27,53	26,96	27,43
03/10/2019	27,63	27,74	27,20	27,39
02/10/2019	27,97	28,02	27,36	27,53
01/10/2019	28,76	28,84	28,10	28,20
30/09/2019	29,08	29,15	28,70	28,70
27/09/2019	29,09	29,39	28,97	29,22
26/09/2019	28,73	29,38	28,72	29,09
25/09/2019	28,27	28,60	28,02	28,50
24/09/2019	28,27	28,38	28,02	28,25
23/09/2019	28,38	28,48	27,91	28,29
20/09/2019	28,31	28,53	27,86	28,39
19/09/2019	27,92	28,38	27,88	28,16
18/09/2019	27,40	27,92	27,40	27,82
17/09/2019	27,14	27,78	27,06	27,63
16/09/2019	27,43	27,43	27,02	27,39
13/09/2019	27,81	27,82	27,23	27,56
12/09/2019	27,50	27,92	27,37	27,77
11/09/2019	26,87	27,44	26,83	27,44
10/09/2019	26,56	27,12	26,53	26,81
09/09/2019	26,82	27,17	26,40	26,57
06/09/2019	27,09	27,11	26,69	26,82
05/09/2019	26,81	27,24	26,65	26,89
04/09/2019	26,78	26,79	26,40	26,73
03/09/2019	26,67	26,95	26,40	26,40
02/09/2019	26,79	27,03	26,64	26,75
30/08/2019	27,24	27,24	26,73	26,77
29/08/2019	26,73	27,25	26,50	26,94
28/08/2019	26,01	26,94	26,01	26,64
27/08/2019	26,47	26,63	26,11	26,30
26/08/2019	26,88	27,02	26,06	26,12
23/08/2019	26,51	26,93	26,11	26,38
22/08/2019	27,26	27,26	26,68	26,71
21/08/2019	26,63	27,28	26,63	27,28
20/08/2019	27,16	27,23	26,63	27,11
19/08/2019	27,25	27,75	26,88	27,16
16/08/2019	27,41	27,51	27,05	27,24
15/08/2019	27,37	27,53	26,47	27,12
14/08/2019	27,52	27,81	27,20	27,35
13/08/2019	27,45	27,92	27,20	27,92
12/08/2019	28,02	28,02	27,38	27,61
09/08/2019	27,59	28,31	27,51	28,31
08/08/2019	26,68	27,62	26,60	27,51
07/08/2019	27,14	27,14	26,16	26,37
06/08/2019	25,24	25,92	25,20	25,84
05/08/2019	25,52	25,56	25,17	25,23
02/08/2019	25,70	25,95	25,49	25,88
01/08/2019	25,92	26,38	25,53	25,70
31/07/2019	25,96	26,15	25,57	25,92
30/07/2019	26,04	26,18	25,74	25,97
29/07/2019	26,04	26,33	25,74	26,04
26/07/2019	26,08	26,56	25,76	26,04
25/07/2019	26,05	26,25	25,68	25,95
24/07/2019	26,20	26,62	25,98	25,98
23/07/2019	26,60	26,77	26,15	26,25
22/07/2019	26,04	26,52	25,97	26,45
19/07/2019	26,94	26,99	26,12	26,12
18/07/2019	27,16	27,47	26,69	26,83
17/07/2019	26,68	27,00	26,55	27,00
16/07/2019	26,68	26,89	26,42	26,67
15/07/2019	27,02	27,02	26,53	26,65
12/07/2019	26,60	26,98	26,44	26,69
11/07/2019	26,91	27,39	26,34	26,49
10/07/2019	26,92	27,62	26,74	26,95
08/07/2019	27,03	27,09	26,73	26,76
05/07/2019	26,44	27,04	26,37	27,03
04/07/2019	26,36	26,64	26,24	26,43
03/07/2019	25,80	26,28	25,64	26,17
02/07/2019	26,20	26,26	25,63	26,04
01/07/2019	26,09	26,36	25,96	26,20
28/06/2019	26,04	26,14	25,86	25,86
27/06/2019	25,81	26,12	25,58	25,90
26/06/2019	25,48	25,93	25,36	25,93
25/06/2019	25,64	25,82	25,36	25,36
24/06/2019	25,92	26,44	25,64	25,64
21/06/2019	25,58	25,98	25,44	25,72
19/06/2019	25,56	25,64	25,24	25,34
18/06/2019	24,92	25,60	24,76	25,60
17/06/2019	24,75	24,85	24,52	24,68
14/06/2019	24,73	24,86	24,45	24,66
13/06/2019	24,92	25,16	24,68	24,74
12/06/2019	24,87	25,28	24,63	24,82
11/06/2019	24,75	25,13	24,60	24,88
10/06/2019	24,75	24,80	24,48	24,58
07/06/2019	25,04	25,20	24,69	24,75
06/06/2019	24,74	25,07	24,50	24,96
05/06/2019	24,56	24,68	24,34	24,59
04/06/2019	24,20	24,45	24,06	24,41
03/06/2019	24,00	24,39	23,72	24,20
31/05/2019	23,63	24,14	23,61	23,83
30/05/2019	23,47	23,98	23,27	23,63
29/05/2019	23,75	24,01	23,43	23,47
28/05/2019	23,39	23,95	23,39	23,74
27/05/2019	22,84	23,44	22,81	23,39
24/05/2019	23,06	23,25	22,66	22,84
23/05/2019	22,59	23,08	22,45	22,93
22/05/2019	22,83	22,83	22,40	22,60
21/05/2019	22,64	22,92	22,29	22,63
20/05/2019	22,28	22,69	22,16	22,64
17/05/2019	22,56	22,61	22,20	22,22
16/05/2019	22,31	22,88	22,11	22,67
15/05/2019	22,39	22,73	22,21	22,56
14/05/2019	22,35	22,84	22,24	22,84
13/05/2019	22,05	22,56	21,99	22,36
10/05/2019	21,88	22,63	21,88	22,44
09/05/2019	21,88	22,39	21,70	22,06
08/05/2019	22,08	22,40	21,91	21,91
07/05/2019	23,06	23,52	21,89	22,03
06/05/2019	22,30	22,80	22,04	22,78
03/05/2019	22,84	22,97	22,39	22,39
02/05/2019	22,55	22,84	22,44	22,70
30/04/2019	22,96	23,08	22,52	22,57
29/04/2019	22,72	23,00	22,61	22,84
26/04/2019	22,69	22,76	22,39	22,59
25/04/2019	22,20	22,82	22,00	22,79
24/04/2019	22,25	22,25	21,91	22,20
23/04/2019	22,04	22,32	22,02	22,06
22/04/2019	21,80	22,11	21,60	22,03
18/04/2019	22,17	22,43	21,74	21,80
17/04/2019	22,15	22,51	21,88	22,23
16/04/2019	21,79	22,35	21,67	22,06
15/04/2019	22,05	22,40	21,73	21,79
12/04/2019	21,81	22,36	21,68	21,88
11/04/2019	22,04	22,04	21,73	21,81
10/04/2019	22,15	22,19	21,78	22,03
09/04/2019	22,40	22,48	21,84	22,12
08/04/2019	22,48	22,69	22,38	22,56
05/04/2019	22,51	22,87	22,38	22,61
04/04/2019	22,19	22,46	22,11	22,36
03/04/2019	21,91	22,46	21,76	22,19
02/04/2019	21,29	21,94	21,16	21,76
01/04/2019	21,25	21,38	21,07	21,07
29/03/2019	20,95	21,29	20,88	21,18
28/03/2019	20,73	21,27	20,45	21,00
27/03/2019	20,84	20,94	20,51	20,73
26/03/2019	21,20	21,29	20,93	20,96
25/03/2019	20,91	21,20	20,67	21,13
22/03/2019	21,36	21,42	20,80	20,94
21/03/2019	21,72	21,87	21,35	21,48
20/03/2019	22,11	22,32	21,66	21,84
19/03/2019	22,36	22,39	22,05	22,19
18/03/2019	22,40	22,56	22,09	22,26
15/03/2019	21,90	22,44	21,84	22,44
14/03/2019	22,46	22,46	21,84	21,98
13/03/2019	22,19	22,44	22,00	22,44
12/03/2019	22,20	22,23	21,76	22,20
11/03/2019	21,38	22,20	21,35	22,14
08/03/2019	21,16	21,39	21,01	21,24
07/03/2019	21,33	21,39	20,99	21,16
06/03/2019	21,60	21,62	21,10	21,25
01/03/2019	21,80	21,93	21,34	21,45
28/02/2019	22,22	22,27	21,68	21,80
27/02/2019	21,92	22,22	21,74	22,19
26/02/2019	22,13	22,15	21,79	21,94
25/02/2019	22,02	22,38	21,94	22,06
22/02/2019	21,79	21,97	21,62	21,88
21/02/2019	21,95	22,02	21,56	21,68
20/02/2019	22,45	22,49	21,63	21,88
19/02/2019	22,17	22,53	22,16	22,36
18/02/2019	22,12	22,24	21,96	22,08
15/02/2019	22,33	22,33	21,98	22,11
14/02/2019	22,22	22,38	21,60	22,34
13/02/2019	22,66	22,66	21,92	22,13
12/02/2019	22,30	22,79	22,13	22,55
11/02/2019	23,59	23,82	23,00	23,04
08/02/2019	23,40	23,75	23,11	23,58
07/02/2019	23,48	23,86	23,25	23,56
06/02/2019	24,32	24,39	23,48	23,48
05/02/2019	24,56	24,85	24,33	24,56
04/02/2019	24,44	24,65	23,79	24,65
01/02/2019	24,17	24,62	24,13	24,48
31/01/2019	23,93	24,50	23,91	24,22
30/01/2019	23,71	23,92	23,40	23,90
29/01/2019	23,53	23,86	23,40	23,43
28/01/2019	23,26	23,72	22,94	23,44
24/01/2019	23,03	23,38	22,92	23,38
23/01/2019	22,80	23,12	22,52	23,12
22/01/2019	22,72	22,90	22,49	22,73
21/01/2019	23,12	23,14	22,30	22,69
18/01/2019	22,69	23,11	22,61	23,11
17/01/2019	22,14	22,65	22,02	22,63
16/01/2019	21,99	22,22	21,91	22,14
15/01/2019	21,83	21,96	21,75	21,93
14/01/2019	21,71	21,87	21,53	21,83
11/01/2019	21,42	21,81	21,33	21,63
10/01/2019	20,82	21,53	20,81	21,36
09/01/2019	21,44	21,44	20,78	20,78
08/01/2019	21,78	21,93	21,33	21,46
07/01/2019	22,22	22,22	21,58	21,78
04/01/2019	22,19	22,39	21,81	22,10
03/01/2019	22,10	22,45	21,86	22,32
02/01/2019	21,74	22,34	21,56	22,08
28/12/2018	21,25	21,74	21,25	21,51
27/12/2018	20,89	21,20	20,84	21,20
26/12/2018	20,86	21,10	20,62	20,89
21/12/2018	20,69	21,00	20,57	20,97
20/12/2018	20,86	20,90	20,29	20,47
19/12/2018	21,27	21,28	20,66	20,66
18/12/2018	21,05	21,32	20,95	21,05
17/12/2018	21,17	21,33	20,86	20,86
14/12/2018	20,99	21,45	20,97	21,17
13/12/2018	21,39	21,39	20,84	21,28
12/12/2018	21,05	21,81	21,05	21,17
11/12/2018	21,31	21,44	20,95	21,13
10/12/2018	21,36	21,51	20,98	21,09
07/12/2018	21,39	21,67	21,12	21,30
06/12/2018	20,68	21,16	20,53	21,16
05/12/2018	20,64	20,94	20,45	20,64
04/12/2018	20,79	20,98	20,33	20,42
03/12/2018	21,37	21,37	20,68	20,75
30/11/2018	20,99	21,37	20,93	21,03
29/11/2018	21,09	21,45	20,87	21,15
28/11/2018	20,53	21,32	20,41	21,32
27/11/2018	20,27	20,72	20,06	20,63
26/11/2018	20,28	20,55	19,97	20,05
23/11/2018	19,92	20,53	19,90	20,20
22/11/2018	20,14	20,31	19,79	19,92
21/11/2018	19,46	20,17	19,46	20,14
19/11/2018	20,38	20,38	19,64	19,78
16/11/2018	20,02	20,41	19,93	20,37
14/11/2018	19,63	19,99	19,49	19,99
13/11/2018	19,78	19,92	19,39	19,63
12/11/2018	19,76	19,82	19,43	19,66
09/11/2018	20,01	20,04	19,46	19,76
08/11/2018	20,47	20,64	19,85	19,85
07/11/2018	21,05	21,06	20,33	20,46
06/11/2018	19,98	21,07	19,90	20,72
05/11/2018	20,17	21,13	20,16	20,90
01/11/2018	19,68	20,19	19,68	20,16
31/10/2018	20,00	20,05	19,64	19,66
30/10/2018	19,66	19,90	19,44	19,89
29/10/2018	20,12	20,20	19,17	19,32
26/10/2018	19,68	19,75	19,16	19,33
25/10/2018	19,14	19,71	19,14	19,57
24/10/2018	19,76	19,76	19,02	19,12
23/10/2018	19,52	19,85	19,39	19,57
22/10/2018	19,80	19,93	19,61	19,70
19/10/2018	19,74	19,79	19,54	19,63
18/10/2018	20,00	20,01	19,54	19,60
17/10/2018	20,13	20,24	19,83	20,05
16/10/2018	20,32	20,35	19,69	20,20
15/10/2018	20,42	20,64	19,84	20,05
11/10/2018	20,35	20,41	20,04	20,16
10/10/2018	19,99	20,41	19,92	20,20
09/10/2018	20,04	20,57	19,85	20,44
08/10/2018	19,75	20,27	19,70	19,94
05/10/2018	19,30	19,37	19,05	19,12
04/10/2018	18,98	19,23	18,86	19,08
03/10/2018	18,75	19,27	18,75	19,07
02/10/2018	18,10	18,55	17,90	18,49
01/10/2018	17,93	17,99	17,67	17,73
28/09/2018	18,05	18,13	17,72	17,90
27/09/2018	18,10	18,56	18,10	18,25
26/09/2018	18,04	18,40	17,91	18,07
25/09/2018	17,41	18,00	17,35	17,96
24/09/2018	17,75	17,77	17,44	17,61
21/09/2018	17,41	17,86	17,34	17,75
20/09/2018	17,18	17,46	16,94	17,28
19/09/2018	17,24	17,29	17,04	17,04
18/09/2018	17,39	17,44	17,18	17,29
17/09/2018	17,44	17,50	17,24	17,27
14/09/2018	17,49	17,80	17,24	17,34
13/09/2018	17,71	17,84	17,34	17,50
12/09/2018	17,95	18,04	17,64	17,69
11/09/2018	17,90	18,13	17,73	17,79
10/09/2018	18,56	18,56	18,02	18,25
06/09/2018	18,53	18,55	18,23	18,35
05/09/2018	17,76	18,53	17,76	18,33
04/09/2018	17,90	18,19	17,82	17,97
03/09/2018	18,01	18,07	17,86	17,87
31/08/2018	17,93	18,31	17,77	18,18
30/08/2018	18,39	18,52	17,93	18,02
29/08/2018	18,51	18,66	18,40	18,54
28/08/2018	18,47	18,62	18,30	18,51
27/08/2018	18,19	18,58	18,10	18,58
24/08/2018	18,24	18,26	17,78	17,96
23/08/2018	18,74	18,86	17,94	17,95
22/08/2018	18,59	18,79	18,46	18,69
21/08/2018	18,79	19,08	18,52	18,84
20/08/2018	19,17	19,31	18,69	18,96
17/08/2018	19,08	19,60	19,00	19,23
16/08/2018	18,90	19,48	18,75	19,31
15/08/2018	18,32	19,07	18,32	18,90
14/08/2018	17,75	18,22	17,70	18,11
13/08/2018	17,14	17,70	17,01	17,67
10/08/2018	17,58	17,58	17,14	17,15
09/08/2018	17,92	17,92	17,57	17,62
08/08/2018	17,83	18,01	17,58	17,71
07/08/2018	18,11	18,21	17,75	17,75
06/08/2018	18,21	18,31	17,82	17,97
03/08/2018	17,90	18,38	17,88	18,26
02/08/2018	17,72	17,93	17,70	17,90
01/08/2018	17,61	17,96	17,55	17,85
31/07/2018	17,73	17,89	17,37	17,60
30/07/2018	17,86	17,90	17,72	17,75
27/07/2018	17,83	17,98	17,68	17,79
26/07/2018	18,26	18,30	17,75	17,75
25/07/2018	18,25	18,41	18,00	18,26
24/07/2018	18,33	18,47	17,89	18,11
23/07/2018	18,14	18,35	18,11	18,13
20/07/2018	18,82	18,82	18,10	18,11
19/07/2018	18,41	18,47	18,05	18,39
18/07/2018	18,95	19,03	18,55	18,57
17/07/2018	18,45	18,98	18,41	18,83
16/07/2018	18,26	18,49	18,15	18,40
13/07/2018	18,03	18,17	17,84	18,11
12/07/2018	17,93	18,03	17,75	17,97
11/07/2018	17,79	17,98	17,72	17,77
10/07/2018	17,82	18,11	17,75	17,83
06/07/2018	17,68	17,77	17,54	17,68
05/07/2018	17,86	17,86	17,50	17,62
04/07/2018	17,83	17,83	17,47	17,68
03/07/2018	17,55	17,99	17,55	17,70
02/07/2018	17,47	17,61	17,37	17,54
29/06/2018	17,39	17,77	17,39	17,58
28/06/2018	17,32	17,51	17,25	17,36
27/06/2018	17,72	17,80	16,97	17,39
26/06/2018	18,11	18,11	17,47	17,72
25/06/2018	17,51	17,84	17,23	17,61
22/06/2018	17,39	17,64	17,13	17,48
21/06/2018	17,50	17,64	17,32	17,34
20/06/2018	17,79	17,94	17,47	17,65
19/06/2018	17,66	18,34	17,60	17,76
18/06/2018	17,70	17,86	17,46	17,65
15/06/2018	17,80	18,07	17,72	17,72
14/06/2018	17,99	18,15	17,70	17,85
13/06/2018	18,23	18,31	17,76	17,97
12/06/2018	18,33	18,41	18,15	18,26
11/06/2018	18,41	18,49	18,13	18,33
08/06/2018	18,27	18,54	17,70	18,30
07/06/2018	18,33	18,75	17,92	18,16
06/06/2018	18,33	18,98	18,33	18,58
05/06/2018	18,98	19,06	18,31	18,33
04/06/2018	19,06	19,41	19,01	19,05
01/06/2018	18,96	19,41	18,70	19,00
30/05/2018	18,69	19,00	18,52	18,73
29/05/2018	19,40	19,50	18,55	18,72
28/05/2018	19,42	19,57	18,95	19,31
25/05/2018	20,18	20,23	19,47	19,66
24/05/2018	19,62	20,34	19,62	20,13
23/05/2018	19,69	19,89	19,59	19,77
22/05/2018	19,16	20,12	19,11	19,91
21/05/2018	19,41	19,54	18,96	19,16
18/05/2018	18,84	19,27	18,82	19,17
17/05/2018	19,59	19,59	18,82	19,05
16/05/2018	19,30	19,76	19,23	19,66
15/05/2018	19,41	19,51	19,08	19,36
14/05/2018	20,12	20,18	19,62	19,64
11/05/2018	19,77	20,31	19,77	20,09
10/05/2018	19,58	20,11	19,56	19,95
09/05/2018	19,23	19,72	19,20	19,44
08/05/2018	18,98	19,51	18,98	19,33
07/05/2018	19,36	19,43	18,87	18,94
04/05/2018	19,51	19,74	19,43	19,45
03/05/2018	19,65	19,79	19,44	19,72
02/05/2018	19,62	19,83	19,25	19,75
30/04/2018	20,07	20,18	19,75	19,75
27/04/2018	20,05	20,14	19,92	20,14
26/04/2018	19,84	20,05	19,84	20,03
25/04/2018	19,74	20,01	19,68	19,78
24/04/2018	19,98	20,25	19,74	19,77
23/04/2018	19,74	20,11	19,74	19,98
20/04/2018	19,97	20,08	19,75	19,75
19/04/2018	20,23	20,43	20,08	20,13
18/04/2018	19,98	20,56	19,97	20,41
17/04/2018	19,81	20,13	19,79	19,96
16/04/2018	20,12	20,16	19,80	19,91
13/04/2018	20,13	20,31	19,90	20,08
12/04/2018	20,41	20,48	20,13	20,13
11/04/2018	20,59	20,60	20,28	20,28
10/04/2018	20,48	20,74	20,35	20,59
09/04/2018	20,57	20,64	20,30	20,45
06/04/2018	20,66	20,77	20,35	20,52
05/04/2018	20,70	20,71	20,31	20,69
04/04/2018	20,26	20,43	20,14	20,34
03/04/2018	20,79	20,82	20,39	20,39
02/04/2018	21,06	21,06	20,61	20,66
29/03/2018	21,02	21,25	20,82	21,04
28/03/2018	20,71	21,10	20,71	21,02
27/03/2018	20,91	21,07	20,71	20,88
26/03/2018	21,33	21,38	20,82	20,90
23/03/2018	20,38	21,32	20,38	21,21
22/03/2018	20,24	20,69	20,15	20,59
21/03/2018	20,25	20,56	20,17	20,41
20/03/2018	20,26	20,38	20,09	20,23
19/03/2018	20,18	20,30	20,05	20,16
16/03/2018	20,11	20,47	20,10	20,23
15/03/2018	20,66	20,70	20,01	20,08
14/03/2018	20,87	21,05	20,67	20,68
13/03/2018	21,15	21,31	20,87	20,87
12/03/2018	21,13	21,42	20,92	21,15
09/03/2018	20,74	21,35	20,70	21,18
08/03/2018	20,84	20,97	20,64	20,70
07/03/2018	21,12	21,18	20,61	20,88
06/03/2018	21,19	21,35	20,98	21,20
05/03/2018	20,84	21,17	20,84	21,15
02/03/2018	20,87	21,04	20,75	20,99
01/03/2018	20,79	21,17	20,78	21,00
28/02/2018	21,07	21,36	20,77	20,92
27/02/2018	21,14	21,35	21,01	21,07
26/02/2018	21,38	21,53	21,13	21,28
23/02/2018	21,48	21,58	21,25	21,38
22/02/2018	21,48	21,50	21,09	21,27
21/02/2018	21,38	21,71	21,01	21,48
20/02/2018	21,16	21,33	20,56	21,16
19/02/2018	21,56	21,61	20,93	21,08
16/02/2018	21,86	22,11	21,68	22,11
15/02/2018	21,95	22,13	21,73	21,77
14/02/2018	21,33	21,92	21,33	21,62
09/02/2018	21,24	21,43	20,97	21,31
08/02/2018	21,93	22,03	21,11	21,19
07/02/2018	22,27	22,27	21,69	21,76
06/02/2018	21,58	22,41	21,43	22,23
05/02/2018	22,04	22,17	21,76	21,76
02/02/2018	21,91	22,32	21,84	22,11
01/02/2018	21,75	22,42	21,75	22,23
31/01/2018	21,94	22,23	21,66	21,66
30/01/2018	21,69	21,87	21,54	21,73
29/01/2018	22,51	22,51	21,56	21,72
26/01/2018	22,28	22,66	22,14	22,63
24/01/2018	21,43	22,23	21,43	22,15
23/01/2018	21,26	21,47	21,20	21,37
22/01/2018	21,38	21,49	21,15	21,27
19/01/2018	21,54	21,63	21,24	21,37
18/01/2018	21,10	21,61	20,97	21,32
17/01/2018	20,64	21,40	20,64	21,10
16/01/2018	20,32	20,73	20,21	20,63
15/01/2018	20,25	20,37	20,21	20,27
12/01/2018	20,21	20,42	20,09	20,30
11/01/2018	20,14	20,39	20,04	20,25
10/01/2018	20,14	20,36	19,99	20,14
09/01/2018	20,29	20,29	20,01	20,22
08/01/2018	20,19	20,32	20,05	20,29
05/01/2018	20,06	20,31	19,93	20,17
04/01/2018	20,07	20,18	19,98	20,04
03/01/2018	19,98	20,16	19,86	20,00
02/01/2018	19,95	20,05	19,87	19,98
28/12/2017	19,76	19,95	19,74	19,84
27/12/2017	19,60	19,84	19,56	19,76
26/12/2017	19,66	19,66	19,39	19,60
22/12/2017	19,67	19,73	19,55	19,64
21/12/2017	19,70	19,80	19,59	19,67
20/12/2017	19,64	19,75	19,50	19,62
19/12/2017	19,67	19,67	19,36	19,59
18/12/2017	19,78	19,84	19,57	19,68
15/12/2017	19,43	19,72	19,40	19,64
14/12/2017	19,36	19,61	19,20	19,50
13/12/2017	19,64	19,88	19,41	19,55
12/12/2017	19,42	19,50	19,07	19,50
11/12/2017	19,38	19,51	19,19	19,42
08/12/2017	19,64	19,73	19,22	19,36
07/12/2017	19,25	19,59	18,80	19,59
06/12/2017	19,04	19,43	18,90	19,38
05/12/2017	18,83	19,31	18,83	19,07
04/12/2017	18,87	19,07	18,74	18,93
01/12/2017	18,54	18,90	18,54	18,84
30/11/2017	18,65	18,83	18,45	18,72
29/11/2017	18,88	18,90	18,50	18,70
28/11/2017	18,95	18,97	18,74	18,80
27/11/2017	18,80	19,01	18,45	18,79
24/11/2017	19,12	19,12	18,88	18,90
23/11/2017	19,28	19,28	19,01	19,02
22/11/2017	19,29	19,30	19,15	19,21
21/11/2017	19,16	19,38	19,00	19,29
17/11/2017	19,36	19,53	19,11	19,11
16/11/2017	19,05	19,70	19,05	19,36
14/11/2017	19,50	19,77	19,10	19,15
13/11/2017	19,57	19,64	19,34	19,47
10/11/2017	19,70	19,70	19,44	19,57
09/11/2017	19,77	19,77	19,44	19,54
08/11/2017	19,12	19,84	19,10	19,68
07/11/2017	19,50	19,78	18,94	18,94
06/11/2017	19,22	20,24	19,08	19,67
03/11/2017	19,35	19,36	18,70	18,99
01/11/2017	19,45	19,69	19,09	19,09
31/10/2017	19,51	19,62	19,11	19,31
30/10/2017	19,89	19,90	19,18	19,50
27/10/2017	19,91	20,05	19,86	19,91
26/10/2017	20,09	20,16	19,84	19,86
25/10/2017	20,00	20,09	19,82	19,99
24/10/2017	20,00	20,01	19,80	20,00
23/10/2017	20,20	20,26	19,77	19,81
20/10/2017	19,94	20,33	19,92	20,20
19/10/2017	20,12	20,17	19,78	19,92
18/10/2017	20,05	20,32	19,81	20,22
17/10/2017	20,07	20,14	19,79	19,91
16/10/2017	20,16	20,35	20,03	20,07
13/10/2017	20,37	20,46	20,13	20,30
11/10/2017	20,29	20,34	20,03	20,26
10/10/2017	20,21	20,45	20,11	20,28
09/10/2017	20,23	20,23	19,93	20,19
06/10/2017	20,43	20,43	20,03	20,23
05/10/2017	20,44	20,68	20,31	20,40
04/10/2017	19,94	20,45	19,77	20,28
03/10/2017	19,78	19,96	19,64	19,86
02/10/2017	19,91	19,91	19,52	19,70
29/09/2017	19,96	20,00	19,71	19,93
28/09/2017	19,79	20,11	19,54	19,87
27/09/2017	20,03	20,09	19,67	19,84
26/09/2017	20,08	20,12	19,92	20,09
25/09/2017	19,98	20,40	19,69	20,00
22/09/2017	20,04	20,04	19,48	20,02
21/09/2017	20,25	20,25	19,85	19,98
20/09/2017	20,31	20,46	19,84	20,14
19/09/2017	20,47	20,51	20,13	20,19
18/09/2017	20,48	20,74	20,40	20,53
15/09/2017	20,19	20,66	20,08	20,66
14/09/2017	20,07	20,23	19,92	20,16
13/09/2017	20,03	20,18	19,98	19,98
12/09/2017	20,16	20,16	19,69	20,12
11/09/2017	20,41	20,51	20,07	20,12
08/09/2017	20,03	20,33	20,00	20,26
06/09/2017	19,87	20,05	19,76	20,00
05/09/2017	19,69	19,91	19,61	19,72
04/09/2017	19,59	19,74	19,36	19,45
01/09/2017	19,36	19,63	19,32	19,49
31/08/2017	19,15	19,36	19,08	19,30
30/08/2017	19,36	19,46	19,01	19,12
29/08/2017	19,02	19,27	18,97	19,27
28/08/2017	19,15	19,25	18,99	19,20
25/08/2017	19,22	19,40	18,99	19,09
24/08/2017	19,46	19,53	19,16	19,22
23/08/2017	19,43	19,57	19,25	19,48
22/08/2017	19,50	19,66	19,24	19,38
21/08/2017	19,33	19,75	19,18	19,29
18/08/2017	18,53	19,36	18,49	19,20
17/08/2017	18,80	18,80	18,35	18,42
16/08/2017	18,73	18,88	18,47	18,88
15/08/2017	18,49	18,72	18,47	18,67
14/08/2017	18,14	18,43	18,01	18,39
11/08/2017	17,82	18,19	17,62	17,99
10/08/2017	17,94	17,97	17,57	17,71
09/08/2017	18,10	18,13	17,88	17,88
08/08/2017	18,25	18,28	18,07	18,12
07/08/2017	18,03	18,36	17,90	18,19
04/08/2017	18,79	18,88	18,27	18,30
03/08/2017	18,89	18,94	18,67	18,74
02/08/2017	18,58	18,94	18,49	18,78
01/08/2017	18,59	18,72	18,27	18,57
31/07/2017	18,83	18,84	18,50	18,54
28/07/2017	18,85	18,85	18,59	18,71
27/07/2017	18,74	19,00	18,50	18,80
26/07/2017	18,83	18,98	18,50	18,54
25/07/2017	19,17	19,30	18,77	18,77
24/07/2017	19,26	19,33	18,81	19,07
21/07/2017	19,50	19,67	19,21	19,25
20/07/2017	19,42	19,63	19,38	19,55
19/07/2017	19,58	19,68	19,25	19,46
18/07/2017	19,48	19,57	19,30	19,52
17/07/2017	19,60	19,69	19,28	19,35
14/07/2017	19,58	19,80	19,48	19,69
13/07/2017	19,21	19,58	19,08	19,55
12/07/2017	19,00	19,21	18,85	19,16
11/07/2017	18,73	18,98	18,69	18,82
10/07/2017	18,54	18,85	18,51	18,67
07/07/2017	18,56	18,64	18,31	18,50
06/07/2017	18,63	18,75	18,34	18,47
05/07/2017	18,94	19,00	18,59	18,61
04/07/2017	18,91	19,04	18,86	18,90
03/07/2017	19,15	19,15	18,85	18,99
30/06/2017	19,03	19,38	18,98	19,35
29/06/2017	18,84	19,00	18,67	18,98
28/06/2017	18,92	19,06	18,61	18,76
27/06/2017	19,24	19,30	18,87	18,94
26/06/2017	19,27	19,48	19,15	19,38
23/06/2017	19,35	19,48	19,11	19,11
22/06/2017	19,06	19,52	18,92	19,35
21/06/2017	19,15	19,42	18,94	19,11
20/06/2017	19,79	19,79	19,06	19,13
19/06/2017	19,35	19,90	19,35	19,79
16/06/2017	19,52	19,65	19,35	19,40
14/06/2017	19,38	19,58	19,02	19,48
13/06/2017	19,45	19,58	19,25	19,35
12/06/2017	20,01	20,01	19,25	19,51
09/06/2017	19,89	20,31	19,85	20,10
08/06/2017	19,96	20,05	19,69	19,94
07/06/2017	20,32	20,52	19,93	20,08
06/06/2017	20,48	20,48	19,87	20,26
05/06/2017	20,21	20,67	20,19	20,50
02/06/2017	20,21	20,70	20,21	20,46
01/06/2017	19,92	20,36	19,86	20,16
31/05/2017	20,10	20,23	19,61	19,65
30/05/2017	20,02	20,25	19,87	20,05
29/05/2017	20,12	20,12	19,82	19,99
26/05/2017	20,26	20,58	19,81	20,10
25/05/2017	20,17	20,48	19,72	20,03
24/05/2017	19,98	20,60	19,96	20,14
23/05/2017	18,94	19,78	18,94	19,69
22/05/2017	19,27	19,27	18,77	19,11
19/05/2017	19,15	19,63	18,98	19,29
18/05/2017	17,86	19,64	17,77	18,86
17/05/2017	21,14	21,45	20,80	21,00
16/05/2017	20,83	21,37	20,77	21,37
15/05/2017	21,17	21,21	20,73	20,94
12/05/2017	20,67	21,04	20,60	21,04
11/05/2017	20,53	20,89	20,48	20,55
10/05/2017	20,39	21,18	20,26	20,52
09/05/2017	20,12	20,37	20,10	20,37
08/05/2017	19,87	20,25	19,81	20,17
05/05/2017	19,72	19,90	19,62	19,70
04/05/2017	20,12	20,19	19,43	19,62
03/05/2017	20,17	20,19	19,95	20,07
02/05/2017	20,23	20,55	20,02	20,15
28/04/2017	19,59	20,19	19,56	20,19
27/04/2017	19,79	20,05	19,58	19,60
26/04/2017	19,56	19,83	19,50	19,83
25/04/2017	19,39	19,78	19,34	19,73
24/04/2017	19,85	19,94	19,46	19,54
20/04/2017	19,31	19,73	19,31	19,60
19/04/2017	19,58	19,60	19,16	19,21
18/04/2017	19,52	19,69	19,31	19,58
17/04/2017	19,05	19,77	19,02	19,65
13/04/2017	19,11	19,38	18,94	18,96
12/04/2017	19,43	19,50	19,15	19,19
11/04/2017	19,25	19,51	19,05	19,39
10/04/2017	19,57	19,65	19,07	19,18
07/04/2017	19,21	19,90	19,21	19,56
06/04/2017	19,42	19,55	19,04	19,37
05/04/2017	19,75	19,83	19,23	19,42
04/04/2017	19,65	19,87	19,60	19,75
03/04/2017	19,81	19,94	19,56	19,73
31/03/2017	19,79	20,06	19,70	19,72
30/03/2017	19,91	20,00	19,57	19,89
29/03/2017	19,40	19,85	19,20	19,85
28/03/2017	19,27	19,56	18,88	19,35
27/03/2017	19,42	19,45	19,12	19,16
24/03/2017	19,54	19,77	19,48	19,59
23/03/2017	19,67	19,96	19,58	19,65
22/03/2017	19,56	19,90	19,23	19,89
21/03/2017	19,55	19,65	19,19	19,43
20/03/2017	19,71	19,99	19,48	19,58
17/03/2017	20,46	20,55	19,71	19,82
16/03/2017	19,92	20,50	19,82	20,36
15/03/2017	19,68	20,11	19,45	19,90
14/03/2017	19,44	19,92	19,38	19,58
13/03/2017	19,59	19,84	19,39	19,48
10/03/2017	19,42	20,03	19,38	19,58
09/03/2017	19,43	19,77	19,13	19,35
08/03/2017	19,81	19,81	18,76	19,44
07/03/2017	19,93	19,95	19,63	19,69
06/03/2017	19,90	19,95	19,58	19,89
03/03/2017	19,52	20,10	19,52	19,99
02/03/2017	19,11	19,63	18,96	19,54
01/03/2017	19,92	20,15	19,13	19,19
24/02/2017	19,60	19,75	19,21	19,33
23/02/2017	19,69	20,26	19,63	19,80
22/02/2017	19,81	19,98	19,45	19,80
21/02/2017	19,52	19,85	19,46	19,85
20/02/2017	19,42	19,56	19,27	19,45
17/02/2017	19,33	19,49	19,13	19,41
16/02/2017	18,71	19,47	18,71	19,35
15/02/2017	18,50	18,92	18,50	18,92
14/02/2017	18,76	18,86	18,40	18,47
13/02/2017	18,23	18,80	18,10	18,71
10/02/2017	18,14	18,18	17,82	18,08
09/02/2017	18,17	18,19	17,91	18,06
08/02/2017	18,34	18,34	17,90	18,04
07/02/2017	18,36	18,57	18,09	18,33
06/02/2017	18,12	18,46	18,12	18,38
03/02/2017	18,04	18,72	18,04	18,12
02/02/2017	17,94	18,33	17,73	18,23
01/02/2017	18,43	18,53	18,02	18,14
31/01/2017	18,74	18,74	18,19	18,31
30/01/2017	18,82	18,92	18,38	18,56
27/01/2017	18,48	19,11	18,38	18,87
26/01/2017	17,97	18,61	17,96	18,50
24/01/2017	18,23	18,28	17,84	17,94
23/01/2017	17,89	18,29	17,87	18,17
20/01/2017	17,92	18,10	17,81	17,93
19/01/2017	17,84	17,99	17,75	17,83
18/01/2017	18,00	18,25	17,81	17,88
17/01/2017	17,82	18,00	17,71	18,00
16/01/2017	17,91	18,03	17,61	17,74
13/01/2017	18,81	18,81	17,81	17,87
12/01/2017	19,35	19,43	18,63	18,63
11/01/2017	19,39	19,60	18,69	18,83
10/01/2017	19,25	19,39	19,04	19,39
09/01/2017	18,81	19,30	18,59	19,23
06/01/2017	19,05	19,13	18,59	18,80
05/01/2017	19,48	19,49	19,01	19,10
04/01/2017	18,99	19,58	18,67	19,49
03/01/2017	18,56	18,99	18,42	18,90
02/01/2017	18,27	18,76	18,24	18,25
29/12/2016	18,36	18,64	18,10	18,56
28/12/2016	17,72	18,36	17,41	18,36
27/12/2016	18,09	18,09	17,53	17,65
26/12/2016	17,93	18,02	17,73	17,93
23/12/2016	17,77	17,94	17,57	17,87
22/12/2016	17,17	17,77	17,12	17,77
21/12/2016	17,38	17,51	17,16	17,24
20/12/2016	17,39	17,39	17,12	17,37
19/12/2016	17,36	17,58	17,13	17,25
16/12/2016	17,40	17,84	17,19	17,36
15/12/2016	17,25	17,64	17,06	17,46
14/12/2016	17,36	17,47	17,07	17,26
13/12/2016	16,80	17,74	16,79	17,49
12/12/2016	17,41	17,48	16,75	16,93
09/12/2016	17,79	17,88	17,42	17,52
08/12/2016	18,23	18,23	17,51	17,71
07/12/2016	18,04	18,23	17,72	17,97
06/12/2016	17,58	17,99	17,25	17,84
05/12/2016	17,91	18,02	17,58	17,71
02/12/2016	17,38	18,10	17,14	18,04
01/12/2016	18,16	18,23	17,43	17,68
30/11/2016	18,55	18,75	18,35	18,55
29/11/2016	18,66	18,77	18,31	18,33
28/11/2016	18,43	18,95	17,98	18,79
25/11/2016	18,36	18,54	18,12	18,31
24/11/2016	18,83	18,95	18,40	18,47
23/11/2016	18,95	19,09	18,74	18,83
22/11/2016	19,15	19,53	18,87	19,11
21/11/2016	19,23	19,23	18,74	18,96
18/11/2016	18,69	19,28	18,58	19,01
17/11/2016	19,12	19,22	18,44	18,79
16/11/2016	18,44	19,29	18,32	19,07
14/11/2016	18,36	18,71	18,14	18,43
11/11/2016	18,64	19,33	18,10	18,43
10/11/2016	19,94	19,94	18,57	18,82
09/11/2016	19,35	19,96	19,16	19,79
08/11/2016	19,96	20,33	19,74	20,00
07/11/2016	19,77	20,35	19,68	20,19
04/11/2016	19,55	19,76	19,35	19,38
03/11/2016	20,40	20,40	19,35	19,55
01/11/2016	21,15	21,15	20,38	20,40
31/10/2016	20,66	21,08	20,53	21,08
28/10/2016	20,75	20,96	20,23	20,56
27/10/2016	20,46	20,94	20,40	20,63
26/10/2016	20,60	20,84	20,35	20,48
25/10/2016	20,82	21,05	20,59	20,75
24/10/2016	21,25	21,25	20,73	20,86
21/10/2016	21,24	21,24	20,81	21,02
20/10/2016	20,99	21,37	20,86	21,20
19/10/2016	21,17	21,45	20,99	21,20
18/10/2016	20,94	21,21	20,82	21,18
17/10/2016	20,61	20,98	20,48	20,94
14/10/2016	20,33	20,77	20,24	20,68
13/10/2016	19,87	20,36	19,68	20,27
11/10/2016	20,00	20,19	19,87	19,97
10/10/2016	19,98	20,24	19,98	20,23
07/10/2016	19,83	19,95	19,68	19,95
06/10/2016	19,78	19,86	19,65	19,72
05/10/2016	20,06	20,27	19,68	19,75
04/10/2016	19,88	20,07	19,77	20,04
03/10/2016	19,71	20,08	19,58	19,97
30/09/2016	19,95	20,04	19,60	19,60
29/09/2016	20,33	20,38	19,87	19,89
28/09/2016	20,33	20,45	20,00	20,21
27/09/2016	20,00	20,36	19,75	20,27
26/09/2016	20,23	20,40	19,82	20,03
23/09/2016	20,33	20,65	20,12	20,44
22/09/2016	19,97	20,35	19,81	20,35
21/09/2016	19,52	19,89	19,28	19,79
20/09/2016	19,56	19,66	19,43	19,43
19/09/2016	19,68	19,99	19,45	19,55
16/09/2016	19,87	19,96	19,56	19,64
15/09/2016	19,68	20,20	19,56	20,06
14/09/2016	19,45	19,68	19,42	19,61
13/09/2016	19,68	19,79	19,37	19,51
12/09/2016	19,55	20,10	19,55	19,98
09/09/2016	20,08	20,27	19,53	19,83
08/09/2016	20,33	20,52	20,04	20,40
06/09/2016	20,14	20,56	19,95	20,45
05/09/2016	20,13	20,32	19,92	20,12
02/09/2016	19,64	20,17	19,64	20,16
01/09/2016	19,05	19,68	19,04	19,68
31/08/2016	19,23	19,44	19,03	19,12
30/08/2016	19,07	19,25	18,91	19,15
29/08/2016	18,82	19,21	18,72	19,02
26/08/2016	19,15	19,28	18,74	18,83
25/08/2016	18,82	19,09	18,58	19,03
24/08/2016	18,52	18,89	18,38	18,76
23/08/2016	18,59	19,01	18,51	18,52
22/08/2016	18,81	18,90	18,31	18,52
19/08/2016	19,07	19,09	18,40	18,89
18/08/2016	19,35	19,68	19,05	19,05
17/08/2016	19,38	19,44	18,89	19,32
16/08/2016	19,47	19,63	19,35	19,38
15/08/2016	19,59	19,72	19,49	19,55
12/08/2016	19,76	19,83	19,44	19,55
11/08/2016	19,15	19,64	18,95	19,55
10/08/2016	19,12	19,27	18,99	19,07
09/08/2016	19,13	19,58	18,91	19,01
08/08/2016	19,30	19,30	18,81	19,12
05/08/2016	19,40	19,46	19,12	19,32
04/08/2016	19,14	19,51	18,93	19,36
03/08/2016	18,87	19,10	18,63	19,08
02/08/2016	19,11	19,22	18,71	19,01
01/08/2016	19,31	19,68	18,94	19,23
29/07/2016	18,72	19,32	18,52	19,23
28/07/2016	18,38	18,82	18,20	18,73
27/07/2016	18,79	18,97	18,40	18,54
26/07/2016	18,73	19,00	18,64	18,77
25/07/2016	19,06	19,06	18,52	18,73
22/07/2016	18,86	19,13	18,86	18,95
21/07/2016	19,14	19,27	18,85	18,93
20/07/2016	18,95	19,31	18,87	19,19
19/07/2016	19,01	19,07	18,63	18,94
18/07/2016	18,60	19,14	18,57	19,05
15/07/2016	18,57	18,78	18,52	18,64
14/07/2016	18,12	18,66	18,12	18,53
13/07/2016	17,90	18,04	17,62	17,99
12/07/2016	17,80	18,04	17,64	17,93
11/07/2016	17,81	17,87	17,52	17,61
08/07/2016	17,04	17,80	17,02	17,71
07/07/2016	17,06	17,28	16,84	16,90
06/07/2016	17,10	17,19	16,83	17,06
05/07/2016	17,59	17,65	17,11	17,16
04/07/2016	17,80	17,84	17,62	17,64
01/07/2016	17,97	17,97	17,55	17,61
30/06/2016	17,80	17,98	17,58	17,94
29/06/2016	17,83	18,01	17,73	17,87
28/06/2016	17,73	17,73	17,45	17,60
27/06/2016	17,04	17,50	17,04	17,39
24/06/2016	17,07	17,41	16,93	17,06
23/06/2016	17,47	17,91	17,39	17,76
22/06/2016	17,83	17,90	17,23	17,34
21/06/2016	17,66	17,84	17,44	17,81
20/06/2016	17,53	18,07	17,48	17,74
17/06/2016	17,48	17,71	17,11	17,32
16/06/2016	17,05	17,44	16,78	17,39
15/06/2016	16,83	17,23	16,74	17,21
14/06/2016	16,92	17,04	16,47	16,75
13/06/2016	17,14	17,14	16,60	17,07
10/06/2016	17,59	17,60	17,07	17,07
09/06/2016	17,43	17,79	17,40	17,64
08/06/2016	17,34	17,55	17,17	17,40
07/06/2016	17,36	17,48	17,07	17,16
06/06/2016	17,64	17,75	17,42	17,46
03/06/2016	17,67	17,85	17,19	17,61
02/06/2016	17,38	17,71	17,23	17,55
01/06/2016	17,30	17,39	17,00	17,30
31/05/2016	17,48	17,62	17,30	17,39
30/05/2016	17,61	17,61	17,36	17,48
27/05/2016	17,55	17,73	17,45	17,61
25/05/2016	17,44	17,85	17,39	17,62
24/05/2016	17,23	17,45	17,14	17,41
23/05/2016	17,10	17,22	16,97	17,07
20/05/2016	17,68	17,83	17,29	17,36
19/05/2016	17,29	17,68	17,09	17,68
18/05/2016	16,56	17,40	16,49	17,26
17/05/2016	17,10	17,16	16,37	16,69
16/05/2016	17,81	17,81	17,19	17,22
13/05/2016	17,94	18,00	17,44	17,87
12/05/2016	18,15	18,24	17,69	18,03
11/05/2016	18,40	18,54	17,98	17,98
10/05/2016	17,85	18,24	17,43	18,22
09/05/2016	17,63	18,06	16,82	17,64
06/05/2016	17,71	17,88	17,14	17,60
05/05/2016	18,22	18,26	17,64	17,78
04/05/2016	18,20	18,59	17,97	18,13
03/05/2016	18,75	18,82	18,11	18,11
02/05/2016	19,21	19,33	18,70	18,83
29/04/2016	19,27	19,45	18,84	19,14
28/04/2016	19,90	19,91	18,92	19,11
27/04/2016	19,84	20,29	19,34	19,98
26/04/2016	20,19	20,19	19,55	20,03
25/04/2016	21,27	21,27	19,63	19,94
22/04/2016	20,95	21,53	20,64	21,53
20/04/2016	21,27	21,44	20,91	21,41
19/04/2016	21,28	21,57	21,11	21,41
18/04/2016	21,06	21,45	20,89	21,28
15/04/2016	20,71	21,34	20,69	21,22
14/04/2016	20,85	21,31	20,44	20,67
13/04/2016	20,62	20,99	20,36	20,71
12/04/2016	19,49	20,46	19,49	20,39
11/04/2016	19,78	19,98	19,19	19,39
08/04/2016	19,08	19,70	19,02	19,70
07/04/2016	18,28	18,60	18,01	18,60
06/04/2016	18,00	18,38	17,81	17,99
05/04/2016	18,18	18,42	17,71	18,29
04/04/2016	18,63	18,63	18,09	18,29
01/04/2016	18,79	18,80	18,39	18,78
31/03/2016	19,07	19,24	18,70	18,95
30/03/2016	19,75	19,94	19,07	19,35
29/03/2016	19,24	19,79	18,87	19,62
28/03/2016	18,57	19,21	18,57	19,17
24/03/2016	18,13	18,35	17,96	18,21
23/03/2016	18,55	18,84	17,96	18,41
22/03/2016	19,47	19,54	18,60	18,60
21/03/2016	19,77	19,77	19,22	19,68
18/03/2016	19,67	20,00	19,22	19,65
17/03/2016	19,81	19,88	19,04	19,66
16/03/2016	17,34	17,86	17,30	17,73
15/03/2016	18,75	18,98	17,60	17,61
14/03/2016	20,22	20,35	19,55	19,55
11/03/2016	20,23	20,26	19,48	20,03
10/03/2016	19,21	20,79	18,98	20,37
09/03/2016	19,01	19,14	18,61	19,01
08/03/2016	17,87	19,04	17,64	18,85
07/03/2016	18,18	18,18	17,30	17,92
04/03/2016	17,67	18,85	17,55	17,95
03/03/2016	16,72	17,67	16,62	17,16
02/03/2016	16,28	16,76	16,09	16,58
01/03/2016	15,50	16,28	15,45	16,23
29/02/2016	15,38	15,69	15,17	15,39
26/02/2016	15,25	15,57	15,06	15,06
25/02/2016	14,74	15,26	14,74	15,06
24/02/2016	15,10	15,16	14,43	14,93
23/02/2016	15,62	15,65	15,14	15,44
22/02/2016	15,32	15,67	15,14	15,57
19/02/2016	14,74	15,04	14,59	14,93
18/02/2016	15,30	15,30	14,77	14,83
17/02/2016	14,74	15,39	14,65	15,30
16/02/2016	14,43	14,72	14,42	14,62
15/02/2016	14,49	14,68	14,38	14,50
12/02/2016	14,43	14,43	14,08	14,25
11/02/2016	14,56	14,67	14,01	14,25
10/02/2016	14,62	14,80	14,40	14,80
05/02/2016	14,39	14,86	14,38	14,80
04/02/2016	14,35	14,71	14,24	14,46
03/02/2016	14,03	14,25	13,74	14,23
02/02/2016	14,30	14,40	13,77	13,88
01/02/2016	14,14	14,65	14,04	14,50
29/01/2016	13,60	14,27	13,55	14,27
28/01/2016	13,09	13,54	12,92	13,42
27/01/2016	12,95	13,22	12,89	12,99
26/01/2016	13,37	13,75	12,95	12,95
22/01/2016	13,63	13,91	13,48	13,56
21/01/2016	14,10	14,13	13,40	13,40
20/01/2016	13,72	14,29	13,47	14,15
19/01/2016	14,19	14,25	13,78	14,00
18/01/2016	14,17	14,17	13,71	13,72
15/01/2016	14,32	14,43	13,95	14,06
14/01/2016	14,32	14,68	14,03	14,68
13/01/2016	14,61	14,70	14,11	14,21
12/01/2016	14,20	14,79	14,13	14,33
11/01/2016	14,56	14,74	14,03	14,09
08/01/2016	14,45	14,69	14,37	14,55
07/01/2016	14,49	14,86	14,26	14,28
06/01/2016	14,83	15,18	14,66	14,87
05/01/2016	14,30	15,01	14,25	14,98
04/01/2016	14,71	14,90	13,93	14,08
30/12/2015	14,93	15,03	14,72	15,01
29/12/2015	15,08	15,20	14,74	14,87
28/12/2015	15,32	15,52	15,03	15,03
23/12/2015	15,25	15,54	15,17	15,32
22/12/2015	15,30	15,71	14,91	15,09
21/12/2015	15,61	15,96	15,04	15,19
18/12/2015	16,18	16,22	15,53	15,57
17/12/2015	17,01	17,26	16,77	16,80
16/12/2015	16,35	16,77	15,82	16,68
15/12/2015	17,12	17,15	16,48	16,49
14/12/2015	17,40	17,40	16,87	17,11
11/12/2015	16,99	17,51	16,86	17,33
10/12/2015	17,37	17,63	16,95	17,30
09/12/2015	16,65	17,78	16,55	17,58
08/12/2015	16,91	16,92	16,23	16,35
07/12/2015	16,74	17,11	16,64	16,99
04/12/2015	17,19	17,26	16,50	16,60
03/12/2015	16,42	17,49	16,42	17,46
02/12/2015	16,29	16,62	15,92	16,10
01/12/2015	16,12	16,46	16,04	16,46
30/11/2015	16,48	16,73	16,02	16,02
27/11/2015	17,30	17,43	16,47	16,72
26/11/2015	17,21	17,55	17,18	17,55
25/11/2015	17,47	17,52	17,03	17,27
24/11/2015	17,52	17,87	17,12	17,75
23/11/2015	18,13	18,50	17,58	17,58
19/11/2015	17,88	18,07	17,58	18,01
18/11/2015	17,46	17,88	17,38	17,56
17/11/2015	17,52	17,88	17,21	17,39
16/11/2015	16,96	17,51	16,85	17,34
13/11/2015	17,10	17,48	16,96	16,96
12/11/2015	17,28	17,52	17,01	17,25
11/11/2015	17,39	17,60	16,78	17,18
10/11/2015	17,00	17,30	16,33	17,30
09/11/2015	17,52	17,95	16,96	16,96
06/11/2015	17,91	18,17	17,15	17,60
05/11/2015	17,36	18,04	17,23	18,01
04/11/2015	17,57	18,07	17,29	17,36
03/11/2015	16,56	17,46	16,56	17,40
30/10/2015	16,35	16,45	16,06	16,41
29/10/2015	16,62	17,00	16,38	16,39
28/10/2015	16,99	17,43	16,70	16,81
27/10/2015	17,52	17,54	16,90	17,05
26/10/2015	17,66	17,87	17,37	17,44
23/10/2015	17,98	18,28	17,46	17,55
22/10/2015	17,63	17,94	17,49	17,62
21/10/2015	17,52	17,76	17,42	17,54
20/10/2015	18,01	18,25	17,31	17,55
19/10/2015	17,62	18,05	17,48	17,99
16/10/2015	17,40	17,81	17,15	17,70
15/10/2015	17,65	17,76	17,02	17,40
14/10/2015	17,70	17,87	17,34	17,39
13/10/2015	17,96	18,07	17,65	17,80
09/10/2015	17,64	18,07	17,49	18,07
08/10/2015	17,39	17,88	17,29	17,43
07/10/2015	16,89	17,47	16,77	17,46
06/10/2015	16,59	16,83	16,37	16,64
05/10/2015	16,62	16,68	16,14	16,63
02/10/2015	15,38	16,46	15,24	16,45
01/10/2015	15,46	15,65	15,03	15,46
30/09/2015	15,29	15,31	14,82	15,30
29/09/2015	15,24	15,37	14,80	14,80
28/09/2015	15,17	15,35	15,01	15,14
25/09/2015	15,78	15,78	15,25	15,42
24/09/2015	14,94	15,76	14,75	15,51
23/09/2015	15,73	16,01	15,36	15,36
22/09/2015	15,80	15,93	15,36	15,77
21/09/2015	16,47	16,68	16,00	16,16
18/09/2015	17,26	17,43	16,40	16,54
17/09/2015	17,49	17,75	17,34	17,34
16/09/2015	17,27	17,81	17,19	17,70
15/09/2015	17,15	17,26	16,79	17,14
14/09/2015	16,62	17,43	16,36	17,24
11/09/2015	15,74	16,72	15,65	16,62
10/09/2015	15,39	15,83	15,27	15,72
09/09/2015	16,49	16,62	15,82	16,01
08/09/2015	17,21	17,21	16,24	16,29
04/09/2015	17,25	17,55	16,88	16,88
03/09/2015	17,25	17,64	17,03	17,56
02/09/2015	17,25	17,47	16,87	16,99
01/09/2015	17,36	17,57	16,99	17,13
31/08/2015	18,22	18,31	17,46	17,70
28/08/2015	18,38	18,79	18,23	18,35
27/08/2015	18,36	19,16	18,28	18,71
26/08/2015	17,91	18,35	17,55	18,26
25/08/2015	18,28	18,44	17,86	17,86
24/08/2015	17,51	18,49	16,99	17,86
21/08/2015	18,54	18,68	18,35	18,41
20/08/2015	18,79	18,89	18,57	18,70
19/08/2015	19,11	19,17	18,69	19,09
18/08/2015	18,59	19,54	18,46	19,37
17/08/2015	18,78	19,05	18,52	18,75
14/08/2015	18,86	19,18	18,76	18,78
13/08/2015	18,81	19,10	18,45	18,86
12/08/2015	19,35	19,47	18,59	18,63
11/08/2015	19,18	19,48	18,71	19,48
10/08/2015	18,35	19,14	18,23	19,12
07/08/2015	17,89	18,20	17,83	18,17
06/08/2015	18,29	18,46	17,87	17,98
05/08/2015	18,96	19,02	18,41	18,41
04/08/2015	19,19	19,31	18,81	18,86
03/08/2015	19,33	19,37	18,98	19,10
31/07/2015	19,13	19,59	19,01	19,33
30/07/2015	18,71	19,12	18,71	19,03
29/07/2015	18,36	18,88	18,34	18,88
28/07/2015	18,65	18,88	18,24	18,49
27/07/2015	18,10	18,66	17,94	18,18
24/07/2015	18,45	18,45	17,75	18,25
23/07/2015	19,28	19,30	18,09	18,37
22/07/2015	19,47	19,62	19,19	19,27
21/07/2015	19,67	19,76	19,35	19,63
20/07/2015	19,85	19,89	19,46	19,65
17/07/2015	20,14	20,29	19,80	19,88
16/07/2015	20,33	20,33	20,04	20,20
15/07/2015	20,13	20,37	19,97	20,29
14/07/2015	20,20	20,37	20,03	20,23
13/07/2015	20,19	20,32	19,95	20,32
10/07/2015	20,02	20,26	19,79	20,08
08/07/2015	20,08	20,25	19,89	19,89
07/07/2015	20,22	20,47	19,84	20,26
06/07/2015	20,20	20,68	20,05	20,29
03/07/2015	20,44	20,74	20,08	20,40
02/07/2015	20,53	20,88	20,42	20,55
01/07/2015	20,50	20,74	20,23	20,53
30/06/2015	20,89	20,93	20,38	20,44
29/06/2015	20,62	20,85	20,40	20,83
26/06/2015	20,98	21,37	20,80	20,96
25/06/2015	20,44	21,25	20,44	21,13
24/06/2015	20,60	20,84	20,52	20,61
23/06/2015	20,79	20,80	20,44	20,68
22/06/2015	20,39	20,77	20,39	20,49
19/06/2015	20,38	20,50	20,16	20,27
18/06/2015	20,02	20,55	19,98	20,50
17/06/2015	20,00	20,20	19,80	20,00
16/06/2015	19,75	20,17	19,73	19,99
15/06/2015	19,64	19,87	19,62	19,70
12/06/2015	19,97	20,18	19,66	19,81
11/06/2015	20,32	20,41	20,00	20,08
10/06/2015	20,45	20,45	19,73	20,32
09/06/2015	20,71	20,81	20,04	20,14
08/06/2015	20,45	20,81	20,32	20,78
05/06/2015	20,61	20,82	20,32	20,38
03/06/2015	20,82	21,00	20,45	20,61
02/06/2015	20,25	20,89	20,14	20,86
01/06/2015	20,03	20,31	19,84	20,13
29/05/2015	20,38	20,47	19,99	19,99
28/05/2015	20,41	20,47	19,94	20,46
27/05/2015	20,47	20,52	20,21	20,50
26/05/2015	20,41	20,61	20,28	20,44
25/05/2015	20,23	20,95	20,15	20,68
22/05/2015	20,98	20,98	20,08	20,28
21/05/2015	20,90	21,09	20,74	20,98
20/05/2015	21,19	21,19	20,71	20,91
19/05/2015	21,58	21,71	20,96	21,04
18/05/2015	22,18	22,23	21,49	21,60
15/05/2015	21,61	22,25	21,61	22,09
14/05/2015	21,85	22,06	21,48	21,81
13/05/2015	21,99	22,22	21,63	21,82
12/05/2015	22,41	22,47	22,01	22,06
11/05/2015	22,24	22,57	22,24	22,42
08/05/2015	21,87	22,41	21,77	22,35
07/05/2015	21,87	22,10	21,47	21,64
06/05/2015	20,98	21,47	20,72	21,47
05/05/2015	20,90	21,21	20,82	21,06
04/05/2015	21,13	21,27	20,71	20,97
30/04/2015	20,62	21,13	20,44	21,13
29/04/2015	20,68	20,92	20,68	20,77
28/04/2015	20,58	21,07	20,58	20,99
27/04/2015	21,53	21,62	20,56	20,68
24/04/2015	21,88	21,96	21,60	21,64
23/04/2015	21,13	21,88	21,13	21,88
22/04/2015	20,93	21,60	20,90	21,41
20/04/2015	21,34	21,34	20,56	21,01
17/04/2015	21,28	21,39	21,01	21,16
16/04/2015	21,58	22,00	21,36	21,65
15/04/2015	21,13	21,57	20,99	21,52
14/04/2015	21,28	21,56	20,65	20,98
13/04/2015	20,97	21,43	20,97	21,28
10/04/2015	20,35	21,28	20,28	21,16
09/04/2015	20,26	20,55	20,04	20,38
08/04/2015	21,05	21,21	20,24	20,29
07/04/2015	21,46	21,86	20,53	20,79
06/04/2015	20,98	21,52	20,68	21,52
02/04/2015	19,95	20,93	19,88	20,77
01/04/2015	19,79	20,26	19,73	20,08
31/03/2015	19,54	19,86	19,44	19,66
30/03/2015	19,15	19,78	19,09	19,75
27/03/2015	18,82	19,43	18,82	19,18
26/03/2015	19,52	19,65	18,68	18,92
25/03/2015	19,77	19,89	19,32	19,66
24/03/2015	19,83	19,90	19,20	19,66
23/03/2015	19,73	19,89	19,55	19,67
20/03/2015	19,72	20,03	19,46	19,78
19/03/2015	19,48	19,60	19,34	19,60
18/03/2015	18,77	19,62	18,64	19,59
17/03/2015	18,02	19,03	18,02	18,92
16/03/2015	17,81	18,13	17,78	18,01
13/03/2015	17,51	18,05	17,51	17,77
12/03/2015	18,55	18,57	17,75	17,81
11/03/2015	17,92	18,40	17,89	18,22
10/03/2015	17,48	18,18	17,47	17,93
09/03/2015	18,24	18,28	17,80	17,92
06/03/2015	18,87	18,96	18,29	18,31
05/03/2015	19,03	19,22	18,66	19,01
04/03/2015	19,30	19,37	18,83	19,00
03/03/2015	19,60	19,76	19,43	19,63
02/03/2015	19,24	19,66	19,19	19,58
27/02/2015	19,71	19,96	19,19	19,42
26/02/2015	19,65	19,90	19,52	19,82
25/02/2015	19,32	19,83	19,32	19,78
24/02/2015	19,15	19,85	18,93	19,58
23/02/2015	18,90	19,18	18,75	19,18
20/02/2015	18,83	19,10	18,67	19,01
19/02/2015	18,15	19,16	18,14	19,01
18/02/2015	17,98	18,38	17,96	18,21
13/02/2015	17,80	17,94	17,60	17,94
12/02/2015	17,21	17,79	17,19	17,58
11/02/2015	17,10	17,36	16,54	17,14
10/02/2015	17,79	17,90	16,93	17,10
09/02/2015	17,05	17,56	16,87	17,52
06/02/2015	17,40	17,61	16,84	17,21
05/02/2015	17,35	17,96	17,35	17,51
04/02/2015	17,66	17,78	17,08	17,59
03/02/2015	17,73	17,76	17,49	17,66
02/02/2015	17,39	17,67	17,33	17,51
30/01/2015	16,89	17,21	16,70	17,16
29/01/2015	16,84	17,26	16,64	17,21
28/01/2015	17,04	17,14	16,79	16,92
27/01/2015	17,39	17,56	16,85	17,27
26/01/2015	17,40	17,72	17,28	17,58
23/01/2015	17,48	17,65	17,36	17,65
22/01/2015	17,82	18,09	17,19	17,71
21/01/2015	17,07	17,91	17,07	17,82
20/01/2015	17,59	17,61	16,96	16,96
19/01/2015	17,56	17,72	17,21	17,33
16/01/2015	16,92	17,82	16,92	17,65
15/01/2015	16,69	17,19	16,69	17,01
14/01/2015	16,93	17,10	16,54	16,60
13/01/2015	17,42	17,72	17,08	17,08
12/01/2015	17,01	17,59	16,86	17,51
09/01/2015	17,44	17,59	16,92	17,10
08/01/2015	17,85	17,85	17,24	17,60
07/01/2015	17,99	18,08	17,41	17,68
06/01/2015	17,19	17,89	17,15	17,89
05/01/2015	17,70	17,74	16,91	17,22
02/01/2015	18,59	18,61	17,45	17,78
30/12/2014	18,90	19,10	18,56	18,77
29/12/2014	19,03	19,13	18,80	18,95
26/12/2014	18,54	19,15	18,41	19,09
23/12/2014	18,21	18,74	18,19	18,74
22/12/2014	18,09	18,38	17,82	18,28
19/12/2014	18,38	18,38	18,00	18,15
18/12/2014	18,27	18,54	17,87	18,21
17/12/2014	17,58	18,43	17,29	18,22
16/12/2014	17,58	17,74	17,05	17,61
15/12/2014	18,31	18,43	17,55	17,94
12/12/2014	18,50	18,59	17,82	18,29
11/12/2014	18,45	18,82	18,11	18,73
10/12/2014	18,49	18,50	18,09	18,47
09/12/2014	18,35	18,61	18,16	18,50
08/12/2014	18,67	18,93	18,36	18,41
05/12/2014	18,45	18,67	18,09	18,67
04/12/2014	18,64	18,70	18,10	18,38
03/12/2014	18,77	18,79	18,47	18,59
02/12/2014	18,73	18,84	18,50	18,80
01/12/2014	19,38	19,42	18,45	18,70
28/11/2014	19,48	19,72	19,18	19,59
27/11/2014	19,44	19,69	19,12	19,54
26/11/2014	19,61	19,80	19,32	19,49
25/11/2014	19,64	19,95	19,55	19,55
24/11/2014	20,39	20,54	19,32	19,49
21/11/2014	19,43	20,28	19,34	20,28
19/11/2014	18,73	19,43	18,73	19,43
18/11/2014	18,19	18,98	18,11	18,85
17/11/2014	18,08	18,38	17,91	18,19
14/11/2014	18,06	18,29	17,92	18,09
13/11/2014	18,84	18,94	18,26	18,26
12/11/2014	18,64	18,94	18,58	18,85
11/11/2014	18,66	18,87	18,40	18,64
10/11/2014	18,64	18,95	18,60	18,73
07/11/2014	18,22	18,56	18,18	18,45
06/11/2014	18,96	18,96	18,09	18,28
05/11/2014	19,05	19,23	18,64	19,04
04/11/2014	19,26	19,39	18,77	19,23
03/11/2014	19,36	19,39	18,59	19,15
31/10/2014	18,77	19,30	18,63	19,29
30/10/2014	18,30	18,77	18,21	18,65
29/10/2014	17,76	18,51	17,74	18,09
28/10/2014	17,42	18,04	17,42	17,89
27/10/2014	16,34	17,87	16,33	17,30
24/10/2014	16,81	17,27	16,67	17,01
23/10/2014	16,81	17,10	16,64	16,92
22/10/2014	17,09	17,37	16,95	17,14
21/10/2014	16,92	17,26	16,63	17,14
20/10/2014	17,61	17,72	17,28	17,36
17/10/2014	17,62	17,91	17,45	17,74
16/10/2014	17,20	17,61	16,98	17,35
15/10/2014	17,96	18,02	17,20	17,82
14/10/2014	18,28	18,43	17,90	18,21
13/10/2014	18,12	18,47	17,92	18,18
10/10/2014	18,32	18,47	17,51	17,86
09/10/2014	18,72	18,84	18,43	18,43
08/10/2014	18,81	18,82	18,22	18,45
07/10/2014	18,86	18,94	18,56	18,68
06/10/2014	19,25	19,42	18,42	18,70
03/10/2014	18,44	18,58	18,20	18,50
02/10/2014	18,39	18,59	18,12	18,44
01/10/2014	18,70	19,06	18,10	18,50
30/09/2014	18,31	19,02	18,31	18,79
29/09/2014	17,50	18,64	17,40	18,56
26/09/2014	18,67	18,67	18,10	18,21
25/09/2014	18,62	18,97	18,53	18,67
24/09/2014	18,21	18,88	18,11	18,67
23/09/2014	18,39	18,65	18,09	18,38
22/09/2014	18,61	18,71	17,89	18,51
19/09/2014	18,67	18,99	18,63	18,91
18/09/2014	19,14	19,22	18,64	18,80
17/09/2014	19,61	19,69	19,16	19,27
16/09/2014	19,17	20,10	19,14	19,40
15/09/2014	19,05	19,62	18,93	19,14
12/09/2014	19,75	19,79	18,88	19,09
11/09/2014	19,73	20,06	19,53	19,93
10/09/2014	19,67	19,91	19,47	19,78
09/09/2014	19,88	20,35	19,51	19,85
08/09/2014	20,57	20,67	19,88	20,06
05/09/2014	20,52	20,70	20,38	20,48
04/09/2014	20,28	20,68	20,14	20,67
03/09/2014	20,27	20,46	19,97	20,42
02/09/2014	20,42	20,58	20,06	20,21
01/09/2014	20,73	21,00	20,44	20,47
29/08/2014	20,49	20,93	20,27	20,86
28/08/2014	20,42	20,67	20,14	20,43
27/08/2014	20,60	20,70	20,44	20,48
26/08/2014	20,18	20,71	20,18	20,60
25/08/2014	19,84	20,25	19,76	20,25
22/08/2014	19,64	19,98	19,58	19,69
21/08/2014	19,52	20,07	19,31	19,75
20/08/2014	19,96	20,39	19,52	19,67
19/08/2014	19,95	20,13	19,86	20,10
18/08/2014	19,65	20,07	19,63	20,04
15/08/2014	19,44	19,73	19,44	19,62
14/08/2014	19,27	19,58	19,16	19,41
13/08/2014	19,29	19,50	18,61	19,35
12/08/2014	19,19	19,24	19,05	19,21
11/08/2014	18,59	18,92	18,48	18,89
08/08/2014	18,41	18,61	18,29	18,41
07/08/2014	18,81	19,00	18,35	18,52
06/08/2014	19,15	19,15	18,52	18,58
05/08/2014	19,55	19,72	19,12	19,17
04/08/2014	19,56	19,75	19,38	19,62
01/08/2014	18,97	19,68	18,79	19,44
31/07/2014	19,32	19,32	18,83	18,98
30/07/2014	19,87	19,95	19,24	19,48
29/07/2014	20,14	20,14	19,80	19,91
28/07/2014	20,15	20,15	19,93	20,15
25/07/2014	19,97	20,15	19,94	20,10
24/07/2014	19,82	20,24	19,77	20,01
23/07/2014	19,54	19,80	19,32	19,78
22/07/2014	19,50	19,78	19,46	19,62
21/07/2014	18,78	19,39	18,77	19,39
18/07/2014	18,93	19,24	18,73	18,79
17/07/2014	18,50	18,58	17,99	18,48
16/07/2014	18,98	19,07	18,36	18,52
15/07/2014	18,92	19,06	18,70	18,84
14/07/2014	19,12	19,26	18,87	18,92
11/07/2014	19,10	19,18	18,99	19,01
10/07/2014	19,07	19,22	18,96	19,13
08/07/2014	18,68	18,98	18,68	18,94
07/07/2014	18,75	18,87	18,64	18,75
04/07/2014	18,72	18,81	18,53	18,81
03/07/2014	18,49	18,77	18,46	18,77
02/07/2014	18,99	19,09	18,59	18,64
01/07/2014	18,53	19,09	18,44	18,95
30/06/2014	18,46	18,60	18,27	18,60
27/06/2014	18,53	18,61	18,41	18,46
26/06/2014	18,38	18,66	18,14	18,66
25/06/2014	18,62	18,65	18,14	18,35
24/06/2014	18,03	18,78	17,85	18,64
23/06/2014	18,16	18,21	17,84	17,95
20/06/2014	18,30	18,46	18,14	18,22
18/06/2014	18,31	18,55	17,79	18,55
17/06/2014	18,78	18,80	18,22	18,30
16/06/2014	18,64	18,85	18,38	18,77
13/06/2014	18,37	18,63	18,21	18,58
11/06/2014	18,35	18,46	18,02	18,28
10/06/2014	17,91	18,12	17,79	18,12
09/06/2014	17,56	18,04	17,49	17,86
06/06/2014	17,78	17,78	17,40	17,56
05/06/2014	17,03	17,31	17,03	17,31
04/06/2014	16,92	17,03	16,58	17,03
03/06/2014	16,38	16,86	16,32	16,86
02/06/2014	16,39	16,46	16,19	16,37
30/05/2014	16,02	16,34	15,97	16,34
29/05/2014	16,14	16,32	15,91	16,08
28/05/2014	15,94	16,31	15,86	16,14
27/05/2014	16,50	16,50	15,82	16,01
26/05/2014	16,14	16,50	16,14	16,49
23/05/2014	16,06	16,33	15,99	16,14
22/05/2014	16,04	16,23	15,65	16,12
21/05/2014	16,32	16,42	15,95	16,03
20/05/2014	16,54	16,62	16,24	16,36
19/05/2014	16,45	16,51	16,31	16,51
16/05/2014	16,41	16,62	16,35	16,47
15/05/2014	16,22	16,57	16,22	16,43
14/05/2014	16,16	16,34	16,12	16,34
13/05/2014	16,28	16,28	16,08	16,17
12/05/2014	16,23	16,33	16,08	16,28
09/05/2014	16,18	16,22	16,04	16,20
08/05/2014	16,03	16,33	15,94	16,17
07/05/2014	15,99	16,17	15,83	16,06
06/05/2014	15,63	16,06	15,55	16,06
05/05/2014	15,28	15,55	15,09	15,51
02/05/2014	15,05	15,33	15,03	15,28
30/04/2014	15,17	15,36	14,97	14,98
29/04/2014	15,19	15,38	15,12	15,20
28/04/2014	15,06	15,25	15,00	15,16
25/04/2014	15,14	15,39	15,03	15,11
24/04/2014	15,09	15,32	14,87	15,32
23/04/2014	15,28	15,30	14,99	15,06
22/04/2014	15,08	15,33	14,98	15,17
17/04/2014	15,01	15,13	14,82	15,10
16/04/2014	15,06	15,14	14,75	15,08
15/04/2014	14,82	15,09	14,66	15,02
14/04/2014	14,74	14,91	14,66	14,89
11/04/2014	14,34	14,79	14,17	14,74
10/04/2014	14,35	14,45	14,13	14,36
09/04/2014	14,23	14,47	14,12	14,40
08/04/2014	14,91	14,91	14,06	14,37
07/04/2014	14,56	14,82	14,40	14,77
04/04/2014	14,57	14,76	14,28	14,42
03/04/2014	14,68	14,68	14,38	14,50
02/04/2014	14,51	14,77	14,47	14,62
01/04/2014	14,40	14,61	14,19	14,51
31/03/2014	13,93	14,40	13,93	14,40
28/03/2014	13,93	14,16	13,78	13,85
27/03/2014	13,58	14,11	13,54	13,85
26/03/2014	13,76	13,93	13,49	13,58
25/03/2014	13,65	13,76	13,54	13,73
24/03/2014	13,44	13,62	13,41	13,53
21/03/2014	13,42	13,74	13,34	13,34
20/03/2014	13,53	13,70	13,34	13,60
19/03/2014	13,35	13,74	13,31	13,66
18/03/2014	12,86	13,39	12,79	13,35
17/03/2014	12,79	12,92	12,72	12,84
14/03/2014	12,72	12,95	12,66	12,83
13/03/2014	12,85	12,91	12,66	12,76
12/03/2014	12,81	13,06	12,76	12,83
11/03/2014	13,13	13,13	12,90	12,93
10/03/2014	13,23	13,27	12,87	13,08
07/03/2014	13,40	13,46	13,15	13,30
06/03/2014	13,39	13,50	13,27	13,49
05/03/2014	13,48	13,50	13,06	13,44
28/02/2014	13,54	13,62	13,21	13,36
27/02/2014	13,50	13,62	13,42	13,50
26/02/2014	13,41	13,57	13,38	13,45
25/02/2014	13,33	13,58	13,19	13,48
24/02/2014	13,41	13,48	13,34	13,35
21/02/2014	13,45	13,58	13,33	13,48
20/02/2014	13,29	13,70	13,26	13,46
19/02/2014	13,31	13,45	13,01	13,45
18/02/2014	13,48	13,61	13,29	13,39
17/02/2014	13,68	13,69	13,37	13,52
14/02/2014	13,44	13,62	13,40	13,62
13/02/2014	13,29	13,60	13,04	13,43
12/02/2014	13,67	13,76	13,29	13,37
11/02/2014	13,71	13,77	13,36	13,71
10/02/2014	13,01	13,18	12,91	13,15
07/02/2014	13,24	13,37	12,87	13,07
06/02/2014	12,81	13,26	12,71	13,25
05/02/2014	12,51	12,80	12,43	12,74
04/02/2014	12,22	12,61	12,05	12,47
03/02/2014	12,65	12,70	12,20	12,22
31/01/2014	12,53	12,72	12,39	12,70
30/01/2014	12,75	12,91	12,62	12,68
29/01/2014	12,79	12,91	12,64	12,76
28/01/2014	13,04	13,17	12,88	12,93
27/01/2014	13,12	13,19	12,82	12,89
24/01/2014	13,32	13,42	12,85	13,03
23/01/2014	13,43	13,62	13,35	13,37
22/01/2014	13,31	13,56	13,27	13,51
21/01/2014	13,43	13,44	13,05	13,28
20/01/2014	13,37	13,46	13,21	13,37
17/01/2014	13,51	13,55	13,36	13,41
16/01/2014	13,40	13,59	13,30	13,51
15/01/2014	13,13	13,46	13,13	13,41
14/01/2014	12,87	13,15	12,86	13,14
13/01/2014	12,84	13,00	12,84	12,95
10/01/2014	12,65	12,91	12,58	12,89
09/01/2014	12,93	13,01	12,52	12,72
08/01/2014	12,87	13,02	12,79	13,00
07/01/2014	12,92	13,04	12,65	12,84
06/01/2014	13,18	13,26	12,82	12,93
03/01/2014	13,43	13,45	13,06	13,11
02/01/2014	13,68	13,71	13,27	13,40
30/12/2013	13,46	13,71	13,46	13,71
27/12/2013	13,25	13,52	13,25	13,52
26/12/2013	13,38	13,47	13,22	13,25
23/12/2013	13,58	13,69	13,40	13,40
20/12/2013	13,71	13,79	13,50	13,58
19/12/2013	13,60	13,80	13,59	13,74
18/12/2013	13,55	13,83	13,55	13,61
17/12/2013	13,46	13,65	13,33	13,64
16/12/2013	13,54	13,66	13,32	13,51
13/12/2013	13,45	13,59	13,40	13,51
12/12/2013	13,65	13,71	13,29	13,42
11/12/2013	13,63	13,69	13,47	13,63
10/12/2013	13,69	13,85	13,56	13,65
09/12/2013	13,46	13,67	13,44	13,63
06/12/2013	13,67	13,72	13,46	13,47
05/12/2013	13,74	13,85	13,43	13,64
04/12/2013	14,05	14,14	13,66	13,73
03/12/2013	14,21	14,24	13,87	14,05
02/12/2013	14,11	14,27	14,07	14,20
29/11/2013	14,13	14,32	14,05	14,21
28/11/2013	13,64	14,21	13,64	14,07
27/11/2013	13,60	13,67	13,46	13,67
26/11/2013	13,49	13,65	13,43	13,65
25/11/2013	13,53	13,65	13,48	13,55
22/11/2013	13,44	13,64	13,30	13,50
21/11/2013	13,14	13,59	13,13	13,49
19/11/2013	13,37	13,59	13,05	13,30
18/11/2013	13,50	13,68	13,33	13,49
14/11/2013	13,25	13,60	13,14	13,50
13/11/2013	12,80	13,33	12,68	13,25
12/11/2013	13,21	13,39	12,71	12,85
11/11/2013	13,09	13,38	13,04	13,24
08/11/2013	12,92	13,12	12,70	12,98
07/11/2013	12,99	13,21	12,93	12,93
06/11/2013	13,37	13,38	12,91	13,02
05/11/2013	13,52	13,65	13,35	13,35
04/11/2013	13,77	13,87	13,45	13,58
01/11/2013	13,69	13,84	13,62	13,82
31/10/2013	13,45	13,69	13,41	13,69
30/10/2013	13,29	13,51	13,19	13,51
29/10/2013	13,32	13,39	13,18	13,28
28/10/2013	13,35	13,36	13,21	13,35
25/10/2013	13,33	13,43	13,27	13,31
24/10/2013	13,24	13,42	13,10	13,42
23/10/2013	13,48	13,53	13,18	13,21
22/10/2013	13,51	13,63	13,38	13,55
21/10/2013	13,54	13,77	13,50	13,54
18/10/2013	13,39	13,62	13,39	13,56
17/10/2013	13,14	13,37	13,11	13,37
16/10/2013	13,29	13,36	13,16	13,18
15/10/2013	13,15	13,31	12,94	13,29
14/10/2013	13,02	13,32	12,88	13,20
11/10/2013	13,02	13,12	12,94	13,05
10/10/2013	12,72	13,09	12,71	13,09
09/10/2013	12,47	12,79	12,42	12,78
08/10/2013	12,25	12,53	12,18	12,52
07/10/2013	12,03	12,32	11,99	12,30
04/10/2013	12,09	12,20	12,00	12,09
03/10/2013	12,34	12,42	11,95	12,09
02/10/2013	12,48	12,56	12,32	12,37
01/10/2013	12,17	12,57	12,10	12,57
30/09/2013	12,32	12,33	12,12	12,20
27/09/2013	12,20	12,40	12,12	12,40
26/09/2013	12,14	12,38	12,06	12,25
25/09/2013	11,97	12,24	11,89	12,23
24/09/2013	11,92	12,08	11,77	12,01
23/09/2013	12,04	12,14	11,85	11,97
20/09/2013	12,09	12,17	12,00	12,03
19/09/2013	12,22	12,30	11,83	12,17
18/09/2013	11,82	12,32	11,77	12,25
17/09/2013	11,62	11,90	11,59	11,85
16/09/2013	11,72	11,78	11,52	11,68
13/09/2013	11,70	11,80	11,67	11,72
12/09/2013	11,61	11,76	11,55	11,76
11/09/2013	11,47	11,82	11,43	11,67
10/09/2013	11,39	11,59	11,34	11,59
09/09/2013	11,09	11,51	11,03	11,45
06/09/2013	10,91	11,18	10,89	11,14
05/09/2013	10,69	10,99	10,69	10,94
04/09/2013	10,69	10,80	10,66	10,73
03/09/2013	10,66	10,80	10,63	10,74
02/09/2013	10,65	10,77	10,65	10,74
30/08/2013	10,55	10,77	10,55	10,77
29/08/2013	10,50	10,64	10,45	10,63
28/08/2013	10,52	10,60	10,42	10,56
27/08/2013	10,46	10,61	10,41	10,61
26/08/2013	10,60	10,66	10,56	10,63
23/08/2013	10,37	10,88	10,37	10,81
22/08/2013	10,30	10,48	10,25	10,48
21/08/2013	10,11	10,41	9,99	10,34
20/08/2013	10,20	10,40	10,08	10,18
19/08/2013	10,52	10,57	10,19	10,22
16/08/2013	10,60	10,80	10,37	10,57
15/08/2013	10,59	10,75	10,41	10,62
14/08/2013	10,72	10,82	10,59	10,62
13/08/2013	10,73	10,83	10,65	10,76
12/08/2013	10,94	11,00	10,63	10,68
09/08/2013	10,83	10,94	10,62	10,91
08/08/2013	10,67	10,94	10,53	10,89
07/08/2013	10,51	10,86	10,36	10,72
06/08/2013	10,59	10,66	10,41	10,62
05/08/2013	10,35	10,67	10,30	10,62
02/08/2013	10,12	10,43	10,10	10,39
01/08/2013	10,09	10,27	10,00	10,22
31/07/2013	9,96	10,10	9,94	10,09
30/07/2013	9,90	10,06	9,87	10,06
29/07/2013	9,88	10,08	9,82	9,93
26/07/2013	9,85	10,01	9,77	9,96
25/07/2013	9,76	9,95	9,75	9,91
24/07/2013	9,82	9,88	9,72	9,88
23/07/2013	9,83	9,88	9,80	9,85
22/07/2013	9,82	9,90	9,79	9,85
19/07/2013	9,83	9,87	9,75	9,82
18/07/2013	9,74	10,06	9,72	9,88
17/07/2013	9,52	9,84	9,49	9,83
16/07/2013	9,58	9,63	9,38	9,53
15/07/2013	9,70	9,70	9,44	9,64
12/07/2013	9,70	9,77	9,64	9,70
11/07/2013	9,74	9,82	9,65	9,79
10/07/2013	9,85	9,85	9,63	9,71
08/07/2013	9,62	9,89	9,57	9,79
05/07/2013	9,62	9,76	9,50	9,63
04/07/2013	9,44	9,71	9,38	9,70
03/07/2013	9,38	9,60	9,25	9,44
02/07/2013	9,59	9,73	9,19	9,41
01/07/2013	9,56	9,81	9,44	9,58
28/06/2013	9,45	9,76	9,37	9,63
27/06/2013	9,15	9,58	9,15	9,46
26/06/2013	9,25	9,29	9,09	9,21
25/06/2013	9,22	9,38	9,01	9,14
24/06/2013	9,33	9,36	8,74	9,27
21/06/2013	9,33	9,54	9,20	9,54
20/06/2013	9,41	9,52	9,14	9,42
19/06/2013	9,82	9,85	9,47	9,53
18/06/2013	9,85	9,93	9,73	9,84
17/06/2013	9,90	9,96	9,83	9,90
14/06/2013	9,78	10,01	9,75	9,93
13/06/2013	9,40	9,79	9,30	9,79
12/06/2013	9,59	9,68	9,38	9,44
11/06/2013	9,77	9,82	9,03	9,55
10/06/2013	9,69	9,85	9,68	9,82
07/06/2013	9,66	9,84	9,59	9,79
06/06/2013	9,72	9,82	9,63	9,74
05/06/2013	9,74	9,91	9,63	9,71
04/06/2013	9,96	9,96	9,71	9,74
03/06/2013	10,05	10,09	9,81	9,96
31/05/2013	9,85	10,11	9,74	10,11
29/05/2013	9,90	9,95	9,70	9,90
28/05/2013	9,87	10,04	9,84	10,04
27/05/2013	9,80	9,96	9,78	9,87
24/05/2013	9,72	9,87	9,63	9,87
23/05/2013	9,85	9,90	9,69	9,76
22/05/2013	10,05	10,16	9,81	9,99
21/05/2013	10,12	10,12	9,93	10,12
20/05/2013	10,25	10,26	10,01	10,16
17/05/2013	10,22	10,34	10,18	10,31
16/05/2013	9,99	10,29	9,96	10,29
15/05/2013	9,84	10,15	9,82	10,07
14/05/2013	9,68	9,88	9,68	9,85
13/05/2013	9,74	9,79	9,53	9,76
10/05/2013	9,68	9,82	9,60	9,80
09/05/2013	9,56	9,71	9,50	9,71
08/05/2013	9,74	9,78	9,48	9,58
07/05/2013	9,79	9,82	9,47	9,79
06/05/2013	9,71	9,84	9,65	9,81
03/05/2013	9,53	9,77	9,50	9,71
02/05/2013	9,30	9,58	9,29	9,58
30/04/2013	9,08	9,35	9,08	9,33
29/04/2013	9,27	9,27	8,81	9,08
