Data	Abertura	Máxima	Mínima	Fechamento
31/05/2022	13,04	13,14	12,64	12,66
30/05/2022	13,40	13,73	12,72	12,90
27/05/2022	13,32	13,43	12,92	13,10
26/05/2022	13,41	13,44	12,92	13,13
25/05/2022	13,97	14,07	13,24	13,24
24/05/2022	14,46	14,47	13,80	14,15
23/05/2022	15,53	15,64	14,52	14,53
20/05/2022	15,60	15,91	14,72	15,32
19/05/2022	14,32	15,35	14,01	15,08
18/05/2022	15,37	15,37	14,24	14,32
17/05/2022	16,17	16,57	15,08	15,67
16/05/2022	15,41	16,46	15,32	15,43
13/05/2022	14,92	16,09	14,80	15,25
12/05/2022	12,98	14,27	12,73	14,27
11/05/2022	13,27	14,24	13,15	13,37
10/05/2022	12,69	13,44	12,35	13,26
09/05/2022	12,71	12,98	12,07	12,15
06/05/2022	14,00	14,33	13,01	13,01
05/05/2022	15,10	15,10	14,08	14,14
04/05/2022	14,60	15,64	13,90	15,60
03/05/2022	14,82	15,13	14,40	14,75
02/05/2022	15,12	15,61	14,33	14,78
29/04/2022	16,53	16,87	15,17	15,17
28/04/2022	15,95	16,54	15,43	16,34
27/04/2022	16,46	16,59	15,65	15,67
26/04/2022	17,00	17,07	15,92	16,02
25/04/2022	16,87	17,24	16,47	17,11
22/04/2022	17,01	17,78	16,74	17,21
20/04/2022	18,68	18,80	17,48	17,69
19/04/2022	17,10	18,95	16,95	18,84
18/04/2022	17,57	17,80	16,96	17,26
14/04/2022	16,83	17,11	16,32	16,53
13/04/2022	17,04	17,20	16,64	16,92
12/04/2022	18,69	18,80	16,50	16,70
11/04/2022	18,43	18,93	18,19	18,26
08/04/2022	18,91	19,17	18,15	18,80
07/04/2022	19,06	19,36	18,70	19,28
06/04/2022	20,02	20,05	18,50	18,90
05/04/2022	22,50	22,78	20,61	20,70
04/04/2022	22,91	23,26	22,14	22,72
01/04/2022	21,50	22,99	21,50	22,85
31/03/2022	21,49	22,47	21,17	21,20
30/03/2022	21,50	22,27	21,16	21,48
29/03/2022	22,26	23,06	21,40	21,59
28/03/2022	21,73	22,00	20,50	21,42
25/03/2022	21,49	21,85	20,46	21,55
24/03/2022	19,48	21,42	19,37	21,32
23/03/2022	19,06	19,87	18,40	19,36
22/03/2022	18,20	19,47	18,19	19,07
21/03/2022	19,77	19,77	17,86	17,96
18/03/2022	17,90	19,98	17,68	19,71
17/03/2022	17,00	18,24	16,75	18,24
16/03/2022	16,09	17,24	15,87	17,15
15/03/2022	15,80	16,06	15,19	15,60
14/03/2022	17,11	17,39	15,93	15,93
11/03/2022	18,05	18,38	16,61	16,70
10/03/2022	18,16	18,16	17,00	17,58
09/03/2022	16,91	19,19	16,61	18,93
08/03/2022	17,31	17,66	16,03	16,43
07/03/2022	18,46	18,76	16,72	16,90
04/03/2022	19,74	20,02	18,52	18,71
03/03/2022	19,89	20,79	19,61	19,92
02/03/2022	19,97	20,31	19,11	19,70
25/02/2022	20,60	21,03	19,69	20,15
24/02/2022	19,33	20,74	19,08	20,14
23/02/2022	24,45	24,82	20,92	20,92
22/02/2022	25,85	26,27	23,72	23,80
21/02/2022	26,97	27,38	25,85	26,33
18/02/2022	28,08	28,79	26,32	26,67
17/02/2022	27,85	29,09	27,03	27,77
16/02/2022	28,14	28,43	26,86	28,20
15/02/2022	26,64	28,34	26,48	28,09
14/02/2022	24,35	26,40	24,27	26,35
11/02/2022	24,94	25,84	23,78	24,44
10/02/2022	26,14	26,41	24,67	24,77
09/02/2022	25,94	26,24	24,76	25,83
08/02/2022	23,41	25,72	23,17	25,49
07/02/2022	23,52	24,13	22,89	23,57
04/02/2022	23,84	23,98	22,31	23,32
03/02/2022	25,44	25,93	23,32	23,60
02/02/2022	28,84	28,89	25,10	25,35
01/02/2022	26,43	28,03	26,14	28,02
31/01/2022	24,85	26,02	24,36	25,92
28/01/2022	25,63	26,14	24,38	24,67
27/01/2022	25,05	26,37	24,84	25,66
26/01/2022	24,34	25,72	23,95	24,15
25/01/2022	23,14	24,11	22,57	23,66
24/01/2022	24,85	25,40	22,62	23,40
21/01/2022	25,07	26,53	24,26	25,24
20/01/2022	22,70	26,29	22,70	25,41
19/01/2022	21,06	22,75	20,89	22,45
18/01/2022	22,70	22,79	20,65	20,66
17/01/2022	23,65	24,07	22,90	23,06
14/01/2022	22,57	23,89	21,05	23,80
13/01/2022	24,44	25,10	22,00	22,05
12/01/2022	25,47	26,74	24,28	24,47
11/01/2022	24,45	25,74	23,69	25,23
10/01/2022	25,67	26,54	23,86	24,39
07/01/2022	22,95	27,06	22,77	26,67
06/01/2022	23,30	24,25	22,65	23,10
05/01/2022	23,53	25,31	21,98	22,95
04/01/2022	28,45	28,77	23,89	24,25
03/01/2022	28,56	30,20	27,79	28,09
30/12/2021	27,85	29,22	27,44	28,51
29/12/2021	28,95	29,44	27,47	27,52
28/12/2021	28,94	29,32	28,23	28,94
27/12/2021	28,70	29,34	28,38	29,16
23/12/2021	28,68	29,26	27,77	28,52
22/12/2021	28,44	29,48	27,74	28,53
21/12/2021	29,54	29,69	27,70	28,18
20/12/2021	29,44	30,78	28,69	28,97
17/12/2021	31,88	31,88	29,64	30,33
16/12/2021	35,22	36,07	31,83	32,21
15/12/2021	33,92	35,11	32,17	34,91
14/12/2021	37,55	37,66	33,23	33,44
13/12/2021	37,15	40,20	36,33	36,46
10/12/2021	36,42	38,66	36,04	37,43
09/12/2021	37,77	39,75	34,99	35,18
08/12/2021	36,93	38,62	36,44	38,15
07/12/2021	33,83	37,72	33,76	37,33
06/12/2021	33,44	34,71	32,79	32,93
03/12/2021	31,79	35,26	31,79	32,92
02/12/2021	34,27	34,75	32,33	32,92
01/12/2021	37,42	38,50	33,26	33,37
30/11/2021	37,32	39,30	35,82	36,15
29/11/2021	37,41	39,13	36,27	37,63
26/11/2021	35,72	36,66	34,43	36,00
25/11/2021	36,51	39,14	36,47	37,48
24/11/2021	34,05	37,15	33,69	36,12
23/11/2021	35,77	36,33	32,32	34,73
22/11/2021	40,46	41,74	34,98	34,98
19/11/2021	38,73	42,28	37,47	40,72
18/11/2021	39,92	41,24	38,53	38,87
17/11/2021	43,91	44,35	38,60	39,65
16/11/2021	45,65	46,20	41,41	42,78
12/11/2021	46,61	47,80	43,41	45,05
11/11/2021	45,15	48,80	44,31	46,36
10/11/2021	42,91	47,18	42,45	43,71
09/11/2021	43,06	44,13	41,34	42,74
08/11/2021	45,26	45,39	41,69	42,71
05/11/2021	44,29	46,74	43,69	46,07
04/11/2021	43,85	45,77	42,43	43,42
03/11/2021	43,95	46,52	41,75	44,48
01/11/2021	36,26	43,00	36,12	42,22
29/10/2021	40,01	40,19	35,42	35,42
28/10/2021	39,32	41,89	38,93	39,43
27/10/2021	40,92	42,46	39,32	40,01
26/10/2021	41,41	41,86	39,27	39,73
25/10/2021	41,08	43,36	39,67	42,13
22/10/2021	41,77	41,77	37,09	40,05
21/10/2021	46,22	46,77	41,60	42,91
20/10/2021	45,31	48,90	44,92	48,05
19/10/2021	48,31	48,38	44,09	44,92
18/10/2021	49,06	49,36	47,19	48,20
15/10/2021	50,70	51,75	48,92	50,17
14/10/2021	48,57	52,01	47,70	50,79
13/10/2021	45,05	48,75	44,50	48,30
11/10/2021	49,89	50,20	44,29	44,80
08/10/2021	46,45	50,84	45,13	49,90
07/10/2021	43,27	47,34	43,08	46,46
06/10/2021	41,20	42,59	39,75	41,46
05/10/2021	44,82	46,79	42,63	42,79
04/10/2021	51,77	51,77	43,91	44,15
01/10/2021	49,89	51,19	46,70	50,99
30/09/2021	50,22	51,32	45,87	46,55
29/09/2021	53,00	53,74	48,72	50,19
28/09/2021	57,28	57,60	49,89	51,66
27/09/2021	60,73	60,73	57,50	58,58
24/09/2021	59,25	64,15	58,41	60,95
23/09/2021	59,27	61,30	59,06	60,45
22/09/2021	58,67	60,82	58,43	59,12
21/09/2021	58,06	58,32	55,44	57,93
20/09/2021	57,71	58,06	55,30	56,86
17/09/2021	63,66	63,97	59,88	59,88
16/09/2021	64,10	66,94	63,36	64,40
15/09/2021	66,98	67,06	64,40	64,97
14/09/2021	65,37	68,78	65,37	67,32
13/09/2021	62,52	65,59	62,52	65,25
10/09/2021	63,92	64,20	60,88	61,36
09/09/2021	59,78	63,86	58,70	62,50
08/09/2021	63,34	63,34	59,36	59,66
06/09/2021	63,31	64,86	62,87	63,55
03/09/2021	66,81	68,14	63,19	63,61
02/09/2021	65,65	70,04	65,32	66,19
01/09/2021	68,20	68,20	63,79	66,37
31/08/2021	70,01	71,58	65,71	67,65
30/08/2021	71,85	72,77	69,58	70,11
27/08/2021	70,00	72,10	69,03	71,71
26/08/2021	65,51	70,13	65,51	66,98
25/08/2021	67,36	67,83	63,35	64,05
24/08/2021	67,30	70,47	66,86	67,02
23/08/2021	66,90	69,19	66,83	67,06
20/08/2021	63,86	67,37	62,92	66,78
19/08/2021	61,11	65,86	59,88	64,44
18/08/2021	61,86	63,78	60,23	62,64
17/08/2021	63,69	63,96	58,51	61,86
16/08/2021	64,94	65,96	63,27	64,06
13/08/2021	67,85	68,58	64,37	65,51
12/08/2021	71,65	72,17	65,95	67,24
11/08/2021	74,69	74,73	70,65	71,65
10/08/2021	73,66	74,89	72,40	74,41
09/08/2021	72,01	74,06	70,62	73,51
06/08/2021	70,85	72,36	69,35	72,03
05/08/2021	70,85	72,34	69,67	70,40
04/08/2021	72,34	72,60	69,60	69,83
03/08/2021	71,45	73,03	68,63	71,98
02/08/2021	72,59	75,82	71,40	71,85
30/07/2021	74,83	75,23	69,84	70,83
29/07/2021	77,30	77,30	74,49	75,34
28/07/2021	76,35	79,06	75,31	76,55
27/07/2021	79,57	79,63	74,76	76,62
26/07/2021	80,90	82,26	79,50	79,63
23/07/2021	82,97	83,50	80,67	81,13
22/07/2021	84,68	85,53	81,74	82,58
21/07/2021	83,09	86,55	82,92	84,69
20/07/2021	83,17	83,39	81,21	82,62
19/07/2021	81,01	82,72	79,15	82,72
16/07/2021	82,19	83,73	81,19	82,01
15/07/2021	81,49	83,04	80,25	82,13
14/07/2021	77,82	81,50	77,23	81,47
13/07/2021	78,10	80,19	76,36	76,81
12/07/2021	76,33	79,08	76,33	78,41
08/07/2021	75,60	76,31	73,85	75,78
07/07/2021	78,10	79,05	74,41	77,08
06/07/2021	77,43	79,15	76,05	77,29
05/07/2021	79,15	79,79	76,97	77,94
02/07/2021	77,91	79,00	77,06	78,54
01/07/2021	78,79	79,30	76,22	77,23
30/06/2021	73,66	78,28	73,66	77,59
29/06/2021	70,82	74,55	70,82	73,64
28/06/2021	69,82	71,71	69,71	70,72
25/06/2021	71,22	72,02	68,83	69,82
24/06/2021	72,03	73,18	68,56	69,03
23/06/2021	69,65	72,22	69,65	71,49
22/06/2021	68,15	71,31	67,86	70,07
21/06/2021	68,03	68,99	66,68	68,99
18/06/2021	68,43	69,87	67,33	67,80
17/06/2021	66,21	70,72	65,97	69,12
16/06/2021	62,19	67,25	61,30	65,60
15/06/2021	63,94	64,33	61,59	62,19
14/06/2021	64,22	65,16	63,68	63,94
11/06/2021	66,15	66,15	64,15	64,22
10/06/2021	64,45	66,43	63,34	66,43
09/06/2021	63,37	65,16	61,64	64,83
08/06/2021	64,83	64,84	62,44	63,29
07/06/2021	65,87	67,06	63,48	63,62
04/06/2021	65,73	67,73	65,64	66,07
02/06/2021	65,78	67,78	64,30	65,67
01/06/2021	68,16	68,48	64,90	65,70
31/05/2021	66,14	68,77	65,76	68,16
28/05/2021	67,45	68,39	65,95	66,63
27/05/2021	68,43	68,53	64,74	66,93
26/05/2021	70,28	74,81	66,53	67,27
25/05/2021	74,15	75,64	68,72	69,07
24/05/2021	65,83	74,24	65,68	74,24
21/05/2021	61,53	61,93	58,35	59,47
20/05/2021	59,84	64,67	59,69	61,31
19/05/2021	58,70	59,69	56,95	59,43
18/05/2021	59,92	60,85	58,52	60,24
17/05/2021	60,38	60,98	59,20	59,86
14/05/2021	61,66	62,51	59,95	60,25
13/05/2021	62,32	64,47	58,95	60,48
12/05/2021	67,63	67,76	61,52	62,39
11/05/2021	65,77	68,32	63,92	67,63
10/05/2021	70,49	71,06	65,52	66,42
07/05/2021	69,76	70,77	68,60	69,82
06/05/2021	73,76	74,45	69,34	69,57
05/05/2021	71,89	74,11	70,65	72,82
04/05/2021	77,31	77,63	69,58	71,15
03/05/2021	77,47	78,34	75,43	77,09
30/04/2021	76,38	78,30	75,33	77,04
29/04/2021	75,31	78,01	74,48	76,37
28/04/2021	73,12	75,25	71,82	74,25
27/04/2021	67,31	74,00	67,15	72,65
26/04/2021	67,00	67,96	66,31	66,98
23/04/2021	63,17	68,00	62,97	66,87
22/04/2021	62,62	63,48	61,75	62,99
20/04/2021	62,10	63,58	61,37	61,87
19/04/2021	63,69	64,70	62,08	62,08
16/04/2021	63,51	65,92	63,04	63,69
15/04/2021	63,17	63,63	61,01	62,34
14/04/2021	62,01	63,46	61,23	62,61
13/04/2021	63,50	64,09	61,03	61,63
12/04/2021	58,55	64,39	58,35	62,83
09/04/2021	57,46	59,51	57,36	58,14
08/04/2021	58,44	58,95	57,24	57,51
07/04/2021	55,91	58,69	55,54	58,42
06/04/2021	53,44	56,03	53,20	55,91
05/04/2021	54,21	54,55	52,98	53,41
01/04/2021	52,10	54,60	51,77	53,92
31/03/2021	51,03	52,20	50,31	52,11
30/03/2021	51,08	51,92	50,28	51,06
29/03/2021	50,92	52,16	50,14	50,57
26/03/2021	51,65	53,03	49,73	50,87
25/03/2021	53,79	53,86	51,14	51,54
24/03/2021	55,66	56,39	52,93	53,79
23/03/2021	50,96	55,86	50,72	55,66
22/03/2021	51,38	52,49	50,28	51,37
19/03/2021	49,40	51,40	48,54	51,40
18/03/2021	50,79	51,77	48,47	48,67
17/03/2021	50,53	51,94	49,83	50,86
16/03/2021	51,13	51,67	49,07	50,63
15/03/2021	46,62	52,02	46,54	51,13
12/03/2021	47,50	47,79	45,46	47,35
11/03/2021	46,87	47,60	44,88	47,60
10/03/2021	46,54	47,45	45,54	46,56
09/03/2021	46,15	47,92	45,30	46,59
08/03/2021	49,34	49,45	44,92	45,92
05/03/2021	53,31	53,85	46,21	50,28
04/03/2021	56,01	56,84	52,19	53,14
03/03/2021	54,59	56,12	51,95	55,61
02/03/2021	55,64	56,74	54,00	54,45
01/03/2021	52,43	56,57	51,86	55,85
26/02/2021	50,51	53,61	50,51	51,65
25/02/2021	52,62	54,81	50,20	51,04
24/02/2021	52,87	53,07	51,78	52,59
23/02/2021	53,17	53,69	51,14	52,57
22/02/2021	51,72	54,13	49,37	52,75
19/02/2021	50,53	53,01	50,02	52,90
18/02/2021	51,16	53,08	49,84	50,13
17/02/2021	51,33	52,18	49,53	50,48
12/02/2021	48,87	51,19	47,95	50,86
11/02/2021	49,30	50,19	48,42	48,87
10/02/2021	51,58	53,52	47,92	48,34
09/02/2021	52,94	53,13	49,40	51,65
08/02/2021	50,53	53,66	50,07	53,04
05/02/2021	52,39	53,65	49,86	50,31
04/02/2021	52,01	53,83	50,41	52,07
03/02/2021	47,16	52,52	46,51	51,79
02/02/2021	43,14	47,45	43,05	47,16
01/02/2021	44,10	44,60	42,33	43,14
29/01/2021	43,21	45,21	42,99	43,96
28/01/2021	41,70	43,86	40,85	43,65
27/01/2021	46,56	46,87	41,45	41,70
26/01/2021	44,69	46,74	44,22	46,74
22/01/2021	44,00	45,33	43,46	44,94
21/01/2021	46,37	46,38	44,05	44,39
20/01/2021	45,46	46,58	43,55	45,87
19/01/2021	44,25	48,18	43,87	44,88
18/01/2021	42,09	44,87	42,07	43,95
15/01/2021	42,91	44,04	41,46	41,89
14/01/2021	41,86	43,19	40,94	42,99
13/01/2021	42,15	42,66	41,22	41,45
12/01/2021	42,65	43,88	41,09	41,90
11/01/2021	39,23	42,48	38,65	42,48
08/01/2021	33,14	40,58	33,00	39,93
07/01/2021	30,79	32,82	30,79	32,68
06/01/2021	31,20	31,61	30,65	30,67
05/01/2021	32,03	32,72	30,98	31,30
04/01/2021	33,24	33,57	31,65	32,05
30/12/2020	33,91	34,27	32,63	32,73
29/12/2020	34,07	34,63	33,54	34,02
28/12/2020	33,12	34,15	32,96	33,97
23/12/2020	33,67	34,24	33,09	33,17
22/12/2020	32,74	33,74	32,57	33,53
21/12/2020	31,37	33,05	30,76	32,39
18/12/2020	32,21	33,24	31,76	31,80
17/12/2020	31,21	32,51	31,03	32,20
16/12/2020	30,19	31,17	29,72	31,16
15/12/2020	29,81	30,93	29,18	30,18
14/12/2020	28,75	29,46	28,12	29,37
11/12/2020	27,03	28,78	26,79	28,75
10/12/2020	26,43	27,19	25,82	27,19
09/12/2020	26,05	26,97	25,78	26,43
08/12/2020	25,42	26,14	25,27	25,86
07/12/2020	26,54	26,60	25,38	25,60
04/12/2020	26,55	26,55	25,89	26,55
03/12/2020	24,84	26,86	24,82	26,23
02/12/2020	25,33	25,70	24,70	24,88
01/12/2020	24,36	25,59	24,16	25,26
30/11/2020	23,63	24,40	23,29	24,23
27/11/2020	23,33	23,74	23,22	23,66
26/11/2020	22,98	23,38	22,51	23,31
25/11/2020	22,54	23,27	22,42	23,03
24/11/2020	22,44	22,91	22,21	22,65
23/11/2020	23,09	23,18	22,10	22,44
20/11/2020	21,98	23,27	21,72	23,07
19/11/2020	21,60	22,02	21,33	21,94
18/11/2020	21,58	21,90	20,94	21,57
17/11/2020	21,64	22,47	21,33	21,33
16/11/2020	21,94	22,27	21,42	21,93
13/11/2020	19,45	21,87	19,37	21,83
12/11/2020	18,92	19,58	18,60	19,51
11/11/2020	18,79	19,23	18,22	18,78
10/11/2020	19,90	20,11	18,69	18,69
09/11/2020	20,61	20,75	19,46	19,90
06/11/2020	19,46	20,27	18,97	20,27
05/11/2020	18,55	19,85	18,28	19,61
04/11/2020	17,00	18,36	16,75	18,36
03/11/2020	17,24	17,34	16,56	16,89
30/10/2020	17,84	17,98	16,62	16,90
29/10/2020	18,02	18,02	17,42	17,91
28/10/2020	18,88	18,89	18,14	18,36
27/10/2020	19,79	19,97	18,95	19,10
26/10/2020	20,38	20,56	19,48	19,78
23/10/2020	20,87	21,10	20,16	20,47
22/10/2020	20,54	21,03	20,40	20,80
21/10/2020	20,00	20,69	19,88	20,60
20/10/2020	19,95	20,16	19,74	19,95
19/10/2020	20,11	20,42	19,69	19,82
16/10/2020	20,80	20,84	19,95	20,06
15/10/2020	20,63	21,11	20,27	20,72
14/10/2020	20,83	20,94	20,37	20,80
13/10/2020	20,42	20,98	20,35	20,88
09/10/2020	19,84	20,64	19,66	20,36
08/10/2020	20,36	20,68	20,06	20,17
07/10/2020	20,33	20,54	19,95	20,35
06/10/2020	19,49	20,38	19,49	20,25
05/10/2020	19,44	19,76	19,08	19,41
02/10/2020	19,18	19,63	18,84	19,32
01/10/2020	18,04	19,24	17,95	19,24
30/09/2020	17,63	18,15	17,48	18,04
29/09/2020	17,95	17,99	17,16	17,50
28/09/2020	17,84	18,61	17,69	17,99
25/09/2020	17,72	17,90	17,44	17,69
24/09/2020	17,40	18,10	17,01	17,78
23/09/2020	17,36	17,82	16,96	17,40
22/09/2020	17,09	17,45	16,46	17,18
21/09/2020	17,90	17,90	16,90	17,09
18/09/2020	19,28	19,42	18,09	18,13
17/09/2020	19,48	19,66	18,97	19,35
16/09/2020	19,46	19,83	19,16	19,53
15/09/2020	19,75	19,88	19,12	19,45
14/09/2020	18,62	19,85	18,56	19,67
11/09/2020	19,07	19,08	18,38	18,45
10/09/2020	19,01	19,45	18,54	18,91
09/09/2020	19,33	19,79	19,03	19,11
08/09/2020	20,12	20,37	18,88	19,27
04/09/2020	21,61	21,87	20,03	20,30
03/09/2020	22,94	23,24	21,33	21,44
02/09/2020	21,66	23,24	21,65	23,05
01/09/2020	21,68	21,87	21,15	21,66
31/08/2020	21,37	21,87	20,85	21,52
28/08/2020	21,95	22,10	21,24	21,52
27/08/2020	20,18	22,14	20,10	22,14
26/08/2020	20,38	20,71	19,54	20,08
25/08/2020	20,48	20,77	20,22	20,25
24/08/2020	20,61	20,90	20,40	20,41
21/08/2020	19,94	20,51	19,81	20,51
20/08/2020	19,23	20,02	18,74	19,95
19/08/2020	19,74	20,02	19,23	19,61
18/08/2020	18,78	19,74	18,47	19,74
17/08/2020	19,88	20,08	18,09	18,42
14/08/2020	20,65	20,76	19,54	19,82
13/08/2020	20,22	20,91	20,13	20,81
12/08/2020	20,33	20,47	19,71	20,03
11/08/2020	20,94	21,08	19,97	20,11
10/08/2020	21,36	21,53	20,78	20,78
07/08/2020	21,22	21,59	20,95	21,28
06/08/2020	20,70	21,27	20,29	21,17
05/08/2020	20,44	20,93	20,32	20,49
04/08/2020	20,64	21,42	20,11	20,24
03/08/2020	20,11	21,32	19,50	20,77
31/07/2020	19,95	20,66	19,65	20,14
30/07/2020	19,64	20,33	19,22	19,95
29/07/2020	18,85	19,93	18,78	19,78
28/07/2020	18,48	18,85	18,24	18,73
27/07/2020	18,31	18,77	18,11	18,48
24/07/2020	17,71	18,34	17,10	18,10
23/07/2020	17,94	18,34	17,44	17,77
22/07/2020	17,57	18,20	17,32	18,10
21/07/2020	17,07	17,54	17,01	17,52
20/07/2020	16,94	17,19	16,82	17,08
17/07/2020	16,78	17,06	16,72	16,88
16/07/2020	16,49	16,82	16,16	16,76
15/07/2020	16,50	16,76	16,31	16,54
14/07/2020	16,28	16,47	15,90	16,47
13/07/2020	16,91	17,11	16,00	16,28
10/07/2020	15,52	16,88	15,38	16,75
09/07/2020	15,28	15,55	15,01	15,32
08/07/2020	14,95	15,35	14,93	15,35
07/07/2020	15,12	15,45	14,86	14,95
06/07/2020	15,28	15,66	15,02	15,20
03/07/2020	14,65	14,97	14,24	14,91
02/07/2020	15,25	15,37	14,57	14,65
01/07/2020	13,82	15,06	13,59	15,06
30/06/2020	14,47	14,82	13,49	13,66
29/06/2020	13,60	14,69	13,43	14,45
26/06/2020	12,89	14,18	12,83	13,55
25/06/2020	12,42	12,95	12,16	12,89
24/06/2020	12,44	12,93	12,17	12,47
23/06/2020	12,90	13,53	12,43	12,61
22/06/2020	10,96	12,67	10,96	12,67
19/06/2020	11,34	11,47	10,64	10,64
18/06/2020	11,17	11,44	11,05	11,08
17/06/2020	11,03	11,44	11,02	11,20
16/06/2020	11,36	11,55	10,95	10,99
15/06/2020	10,61	11,32	10,30	11,05
12/06/2020	10,44	11,05	10,03	11,05
10/06/2020	11,53	11,86	10,78	10,78
09/06/2020	11,67	11,67	11,31	11,37
08/06/2020	11,82	12,15	11,63	11,63
05/06/2020	12,07	12,35	11,63	11,63
04/06/2020	11,27	11,77	11,06	11,59
03/06/2020	11,45	11,68	11,29	11,43
02/06/2020	11,81	12,04	11,13	11,18
01/06/2020	11,15	11,66	10,90	11,52
29/05/2020	10,81	11,14	10,38	11,14
28/05/2020	11,07	11,25	10,75	10,81
27/05/2020	11,04	11,44	10,64	11,07
26/05/2020	10,05	11,11	10,05	11,01
25/05/2020	9,28	9,95	9,21	9,95
22/05/2020	8,63	9,15	8,56	9,01
21/05/2020	8,72	8,84	8,44	8,65
20/05/2020	8,98	9,20	8,65	8,65
19/05/2020	9,29	9,63	9,22	9,28
18/05/2020	8,87	9,38	8,77	9,28
15/05/2020	8,63	8,98	8,53	8,76
14/05/2020	8,50	8,81	8,32	8,81
13/05/2020	8,36	8,66	8,27	8,66
12/05/2020	8,55	8,69	8,11	8,33
11/05/2020	8,46	8,87	8,46	8,55
08/05/2020	8,63	8,85	8,52	8,54
07/05/2020	9,19	9,28	8,52	8,56
06/05/2020	9,12	9,28	8,95	9,05
05/05/2020	9,17	9,43	9,03	9,07
04/05/2020	8,91	9,08	8,78	9,02
30/04/2020	9,88	9,88	9,12	9,12
29/04/2020	9,64	10,18	9,43	10,18
28/04/2020	9,45	9,61	9,16	9,55
27/04/2020	9,35	9,47	8,94	9,22
24/04/2020	9,71	9,71	8,46	9,34
23/04/2020	9,45	10,01	9,23	9,78
22/04/2020	9,24	9,30	9,04	9,27
20/04/2020	8,78	9,17	8,65	9,17
17/04/2020	9,12	9,27	8,87	8,95
16/04/2020	9,51	9,60	8,95	8,97
15/04/2020	9,32	9,57	9,25	9,31
14/04/2020	9,73	10,11	9,38	9,62
13/04/2020	9,79	9,89	9,34	9,42
09/04/2020	9,48	10,05	9,43	9,83
08/04/2020	9,28	9,56	9,23	9,28
07/04/2020	9,98	10,07	9,22	9,22
06/04/2020	9,86	9,99	9,38	9,52
03/04/2020	10,37	10,37	9,01	9,40
02/04/2020	10,38	10,51	9,93	10,32
01/04/2020	10,34	10,34	9,66	10,24
31/03/2020	10,94	11,08	10,12	10,45
30/03/2020	11,05	11,62	10,76	10,76
27/03/2020	10,77	11,13	10,47	11,10
26/03/2020	10,04	11,35	9,76	11,35
25/03/2020	9,76	10,59	9,76	10,19
24/03/2020	9,46	10,02	9,41	9,76
23/03/2020	8,74	9,31	7,98	9,10
20/03/2020	8,95	10,29	8,94	9,17
19/03/2020	7,94	8,72	7,11	8,57
18/03/2020	8,00	8,23	6,56	8,22
17/03/2020	8,62	9,11	8,19	8,67
16/03/2020	8,60	8,71	7,93	8,44
13/03/2020	9,42	10,29	8,36	9,93
12/03/2020	7,94	8,13	6,62	8,11
11/03/2020	11,10	11,82	9,38	9,61
10/03/2020	10,70	11,31	10,34	11,11
09/03/2020	11,54	11,54	9,70	9,73
06/03/2020	12,64	12,88	12,13	12,51
05/03/2020	14,69	14,78	13,24	13,57
04/03/2020	15,39	15,39	14,63	14,78
03/03/2020	15,52	15,61	14,67	15,07
02/03/2020	15,26	15,61	14,95	15,52
28/02/2020	14,36	15,36	13,98	15,36
27/02/2020	14,42	15,52	13,87	14,56
26/02/2020	14,89	14,89	14,36	14,63
21/02/2020	15,48	15,79	15,15	15,65
20/02/2020	15,29	15,62	15,06	15,55
19/02/2020	15,29	15,39	14,92	15,29
18/02/2020	15,39	15,43	14,99	15,43
17/02/2020	15,72	15,92	15,33	15,52
14/02/2020	15,72	16,08	15,59	15,72
13/02/2020	16,55	16,82	15,69	15,72
12/02/2020	15,95	16,54	15,95	16,36
11/02/2020	15,61	16,21	15,48	15,82
10/02/2020	15,99	16,02	15,16	15,42
07/02/2020	16,34	16,39	15,76	15,99
06/02/2020	16,71	16,71	16,27	16,33
05/02/2020	17,03	17,14	16,41	16,55
04/02/2020	16,51	16,76	16,39	16,75
03/02/2020	15,65	16,31	15,57	16,16
31/01/2020	15,91	16,00	15,60	15,60
30/01/2020	16,22	16,26	15,49	15,92
29/01/2020	17,04	17,17	16,30	16,40
28/01/2020	16,96	17,30	16,78	16,85
27/01/2020	17,79	17,79	16,71	16,91
24/01/2020	18,21	18,61	17,97	17,97
23/01/2020	18,32	18,52	17,92	18,20
22/01/2020	18,72	18,93	17,98	18,37
21/01/2020	18,56	19,16	18,25	18,65
20/01/2020	18,86	19,02	18,51	18,55
17/01/2020	19,16	19,16	18,30	18,67
16/01/2020	18,04	19,09	18,02	19,01
15/01/2020	17,80	18,20	17,74	18,04
14/01/2020	17,90	18,17	17,57	17,80
13/01/2020	18,13	18,47	17,56	17,92
10/01/2020	17,24	18,17	17,24	17,97
09/01/2020	17,23	17,41	16,56	17,11
08/01/2020	17,54	17,77	17,06	17,23
07/01/2020	16,88	17,90	16,70	17,71
06/01/2020	15,89	17,01	15,69	17,01
03/01/2020	15,12	16,03	14,83	16,03
02/01/2020	15,43	15,50	14,56	15,19
30/12/2019	15,03	15,70	14,79	15,43
27/12/2019	14,91	15,06	14,62	15,03
26/12/2019	14,19	14,91	14,19	14,91
23/12/2019	14,38	14,72	14,12	14,12
20/12/2019	14,48	14,69	14,20	14,20
19/12/2019	14,72	14,72	14,35	14,48
18/12/2019	14,75	14,93	14,61	14,72
17/12/2019	15,08	15,12	14,58	14,68
16/12/2019	14,63	14,98	14,48	14,98
13/12/2019	14,50	14,78	14,15	14,63
12/12/2019	15,76	15,86	14,50	14,50
11/12/2019	15,70	15,84	15,49	15,74
10/12/2019	15,97	15,97	15,48	15,68
09/12/2019	15,63	15,97	15,63	15,84
06/12/2019	15,70	15,97	15,57	15,63
05/12/2019	15,14	15,70	15,02	15,70
04/12/2019	15,17	15,47	14,99	15,21
03/12/2019	14,98	15,08	14,79	15,08
02/12/2019	14,88	15,16	14,72	14,94
29/11/2019	14,50	14,95	14,45	14,88
28/11/2019	14,05	14,58	13,80	14,55
27/11/2019	14,25	14,36	13,83	13,98
26/11/2019	14,27	14,35	13,60	14,21
25/11/2019	14,87	14,99	14,12	14,12
22/11/2019	15,04	15,11	14,81	14,88
21/11/2019	14,77	15,14	14,56	15,14
19/11/2019	14,88	15,21	14,48	14,78
18/11/2019	15,08	15,59	14,45	14,87
14/11/2019	13,51	14,98	13,51	14,98
13/11/2019	13,43	13,52	12,67	13,35
12/11/2019	14,18	14,18	13,51	13,59
11/11/2019	14,99	14,99	14,43	14,48
08/11/2019	15,37	15,47	14,88	14,93
07/11/2019	15,97	15,97	15,18	15,37
06/11/2019	16,37	16,53	16,15	16,18
05/11/2019	16,63	16,68	16,17	16,23
04/11/2019	16,86	16,87	16,54	16,63
01/11/2019	17,13	17,16	16,69	16,86
31/10/2019	17,16	17,24	16,90	17,13
30/10/2019	17,19	17,52	17,08	17,19
29/10/2019	16,79	17,28	16,61	17,19
28/10/2019	16,56	16,86	16,41	16,86
25/10/2019	16,15	16,56	16,15	16,56
24/10/2019	16,53	16,76	15,92	16,37
23/10/2019	16,79	16,86	16,31	16,62
22/10/2019	16,83	16,97	16,34	16,70
21/10/2019	16,55	16,86	16,45	16,66
18/10/2019	16,66	17,03	16,45	16,45
17/10/2019	16,53	16,95	16,32	16,56
16/10/2019	16,93	17,16	16,23	16,45
15/10/2019	17,69	18,41	16,71	16,71
14/10/2019	16,65	17,79	16,63	17,36
11/10/2019	15,76	16,50	15,45	16,50
10/10/2019	15,86	16,40	15,29	15,37
09/10/2019	14,75	15,80	14,29	15,80
08/10/2019	14,75	15,03	14,38	14,62
07/10/2019	15,49	15,49	14,71	14,78
04/10/2019	16,30	16,50	15,44	15,54
03/10/2019	17,09	17,30	16,14	16,23
02/10/2019	17,71	17,71	16,80	16,93
01/10/2019	18,59	18,64	17,85	17,89
30/09/2019	18,71	18,83	18,50	18,75
27/09/2019	18,99	19,01	18,63	18,76
26/09/2019	18,87	19,16	18,67	19,16
25/09/2019	18,76	18,83	18,38	18,83
24/09/2019	19,00	19,30	18,76	18,76
23/09/2019	18,94	19,16	18,74	19,16
20/09/2019	19,57	19,57	18,91	18,91
19/09/2019	19,69	19,81	19,34	19,58
18/09/2019	19,24	19,77	19,05	19,77
17/09/2019	19,36	19,48	18,97	19,26
16/09/2019	19,78	20,00	19,08	19,49
13/09/2019	18,76	19,16	18,40	19,16
12/09/2019	18,59	18,79	18,20	18,79
11/09/2019	17,60	18,38	17,49	18,38
10/09/2019	17,99	17,99	16,88	17,33
09/09/2019	19,39	19,39	17,79	18,00
06/09/2019	19,68	19,87	19,03	19,38
05/09/2019	19,63	19,86	19,63	19,79
04/09/2019	20,10	20,10	19,52	19,57
03/09/2019	20,08	20,39	19,78	19,82
02/09/2019	20,19	20,22	19,81	20,22
30/08/2019	20,39	20,68	20,13	20,19
29/08/2019	20,45	20,76	20,09	20,22
28/08/2019	19,69	20,48	19,32	20,28
27/08/2019	19,29	19,88	18,54	19,88
26/08/2019	20,23	20,23	19,19	19,29
23/08/2019	19,92	20,78	19,42	19,59
22/08/2019	20,81	21,11	19,58	20,48
21/08/2019	19,32	20,52	19,13	20,48
20/08/2019	18,17	19,95	16,72	19,16
19/08/2019	20,18	20,46	17,96	18,17
16/08/2019	21,47	21,80	16,88	19,72
15/08/2019	23,77	24,44	19,65	20,65
14/08/2019	21,99	23,85	21,65	23,39
13/08/2019	20,48	21,92	20,03	21,92
12/08/2019	19,82	20,90	19,75	20,12
09/08/2019	19,16	19,99	19,00	19,82
08/08/2019	17,77	19,26	17,68	18,83
07/08/2019	17,41	17,82	16,98	17,82
06/08/2019	17,53	17,83	17,11	17,33
05/08/2019	17,41	17,66	17,11	17,28
02/08/2019	18,35	19,16	17,23	17,90
01/08/2019	18,00	18,76	17,59	18,17
31/07/2019	15,73	18,23	15,73	16,71
30/07/2019	16,19	16,19	15,26	15,66
29/07/2019	13,87	13,97	13,31	13,33
26/07/2019	14,13	14,20	13,81	13,87
25/07/2019	14,17	14,20	13,87	14,04
24/07/2019	14,02	14,28	13,78	14,15
23/07/2019	14,18	14,18	13,68	14,07
22/07/2019	14,34	14,64	13,64	14,27
19/07/2019	14,34	14,50	13,78	14,10
10/05/2018	24,45	24,59	22,79	24,59
09/05/2018	24,60	24,61	24,44	24,44
08/05/2018	24,11	24,61	24,05	24,48
07/05/2018	23,50	24,10	23,50	24,02
04/05/2018	24,74	24,74	22,27	23,50
03/05/2018	24,75	25,09	24,70	25,01
02/05/2018	24,45	24,74	24,19	24,69
30/04/2018	28,08	28,41	24,44	24,44
