Data	Abertura	Máxima	Mínima	Fechamento
31/05/2022	25,17	25,24	24,81	24,93
30/05/2022	25,44	25,80	24,69	24,90
27/05/2022	24,94	25,61	24,93	25,20
26/05/2022	24,68	25,27	24,16	24,95
25/05/2022	23,98	24,77	23,81	24,68
24/05/2022	24,20	24,49	23,64	24,26
23/05/2022	25,00	25,04	24,30	24,44
20/05/2022	24,90	24,95	24,13	24,67
19/05/2022	23,85	24,86	23,77	24,54
18/05/2022	24,83	24,83	23,61	23,87
17/05/2022	24,91	25,45	24,42	24,83
16/05/2022	24,26	24,98	24,04	24,52
13/05/2022	23,71	24,77	23,63	24,25
12/05/2022	22,36	23,74	22,02	23,66
11/05/2022	23,22	23,58	22,36	22,63
10/05/2022	22,91	24,10	22,91	23,37
09/05/2022	21,98	22,86	21,52	22,69
06/05/2022	22,03	22,09	21,38	21,90
05/05/2022	22,46	22,77	21,70	22,12
04/05/2022	22,31	23,16	21,41	23,11
03/05/2022	23,09	23,20	22,34	22,64
02/05/2022	23,15	23,47	22,54	23,08
29/04/2022	24,49	24,59	22,92	23,09
28/04/2022	23,90	24,42	23,50	24,13
27/04/2022	24,01	24,46	23,62	23,84
26/04/2022	24,90	25,10	23,72	23,85
25/04/2022	24,99	25,67	24,81	25,12
22/04/2022	26,05	26,44	25,04	25,27
20/04/2022	26,06	26,26	25,71	26,25
19/04/2022	24,98	26,15	24,94	25,91
18/04/2022	24,89	25,52	24,89	25,25
14/04/2022	25,08	25,47	24,93	25,10
13/04/2022	24,91	25,52	24,83	25,37
12/04/2022	25,47	26,00	24,74	24,80
11/04/2022	25,59	25,59	24,95	25,25
08/04/2022	25,36	25,65	25,19	25,59
07/04/2022	24,91	25,85	24,60	25,64
06/04/2022	25,04	25,38	24,21	25,11
05/04/2022	26,30	26,41	25,13	25,34
04/04/2022	26,63	26,66	26,20	26,38
01/04/2022	26,21	26,92	26,18	26,63
31/03/2022	26,38	26,75	25,79	26,04
30/03/2022	26,97	26,97	26,00	26,34
29/03/2022	27,52	28,08	27,06	27,15
28/03/2022	27,07	27,37	26,57	27,00
25/03/2022	26,71	27,45	26,67	26,96
24/03/2022	26,07	26,90	25,93	26,55
23/03/2022	25,57	26,45	25,16	26,04
22/03/2022	25,30	25,90	25,19	25,69
21/03/2022	25,47	25,80	24,43	24,97
18/03/2022	25,10	26,01	24,88	25,60
17/03/2022	24,35	25,31	24,08	25,14
16/03/2022	23,70	24,68	23,50	24,46
15/03/2022	23,70	24,13	22,97	23,71
14/03/2022	24,28	24,79	23,51	23,59
11/03/2022	24,48	25,04	23,73	24,06
10/03/2022	24,80	24,80	23,83	24,44
09/03/2022	23,95	25,45	23,95	25,05
08/03/2022	23,20	23,95	22,76	23,44
07/03/2022	24,12	24,13	22,76	23,00
04/03/2022	24,81	25,04	23,75	24,08
03/03/2022	24,90	25,32	24,36	24,77
02/03/2022	25,73	26,30	24,52	24,93
25/02/2022	25,46	25,96	25,00	25,69
24/02/2022	24,01	26,16	23,86	25,66
23/02/2022	25,54	26,64	25,01	25,24
22/02/2022	24,78	25,68	24,75	25,59
21/02/2022	25,00	25,34	24,04	24,51
18/02/2022	25,61	26,07	25,03	25,21
17/02/2022	25,25	25,90	25,02	25,29
16/02/2022	24,90	25,78	23,82	25,29
15/02/2022	23,75	24,95	23,67	24,77
14/02/2022	23,20	23,85	23,15	23,35
11/02/2022	23,45	23,96	22,86	23,16
10/02/2022	23,36	23,57	22,60	23,27
09/02/2022	22,88	23,93	22,76	23,42
08/02/2022	22,60	23,10	22,13	22,92
07/02/2022	22,92	23,06	22,42	22,56
04/02/2022	23,24	23,26	22,23	23,01
03/02/2022	23,59	23,95	22,64	23,20
02/02/2022	24,25	24,81	23,24	23,52
01/02/2022	24,13	24,59	23,91	24,23
31/01/2022	23,42	24,40	23,35	24,17
28/01/2022	23,69	24,04	23,21	23,46
27/01/2022	23,41	24,48	23,32	24,02
26/01/2022	22,93	24,20	22,93	23,19
25/01/2022	21,46	22,92	21,22	22,58
24/01/2022	21,30	21,70	20,65	21,55
21/01/2022	21,17	21,84	21,02	21,34
20/01/2022	20,02	21,68	19,97	21,34
19/01/2022	19,09	20,05	18,99	19,90
18/01/2022	19,53	19,60	18,63	18,88
17/01/2022	19,80	20,04	19,48	19,73
14/01/2022	19,14	20,08	19,14	19,83
13/01/2022	19,64	19,88	19,13	19,26
12/01/2022	19,66	20,14	19,30	19,80
11/01/2022	19,00	19,56	18,85	19,54
10/01/2022	18,55	18,82	18,04	18,71
07/01/2022	18,44	18,89	18,11	18,63
06/01/2022	18,70	18,82	18,03	18,53
05/01/2022	19,59	19,92	18,59	18,65
04/01/2022	20,14	20,21	19,46	19,68
03/01/2022	20,66	21,24	19,87	20,05
30/12/2021	20,71	20,91	20,54	20,86
29/12/2021	20,81	20,85	20,27	20,56
28/12/2021	21,46	21,49	20,41	20,72
27/12/2021	21,36	21,73	21,11	21,32
23/12/2021	21,80	21,85	21,24	21,31
22/12/2021	21,22	21,80	21,14	21,80
21/12/2021	21,75	21,84	21,04	21,26
20/12/2021	21,94	22,07	21,40	21,64
17/12/2021	22,02	22,64	21,61	22,51
16/12/2021	22,51	23,01	21,95	22,31
15/12/2021	21,67	22,43	21,07	22,43
14/12/2021	22,91	22,91	21,44	21,62
13/12/2021	22,52	23,37	22,25	22,42
10/12/2021	21,51	22,74	21,31	22,57
09/12/2021	21,36	21,81	21,06	21,12
08/12/2021	20,96	21,66	20,71	21,57
07/12/2021	21,45	21,64	20,88	21,00
06/12/2021	21,19	21,40	20,65	21,00
03/12/2021	20,93	22,27	20,83	21,05
02/12/2021	21,11	21,44	20,53	20,89
01/12/2021	20,97	21,88	20,44	20,59
30/11/2021	20,83	21,41	19,72	20,75
29/11/2021	20,98	21,50	20,69	21,05
26/11/2021	20,67	20,98	20,22	20,57
25/11/2021	20,36	21,84	20,34	21,45
24/11/2021	20,02	20,66	19,83	20,36
23/11/2021	19,76	20,35	19,32	20,16
22/11/2021	20,80	20,83	19,57	19,67
19/11/2021	20,58	21,48	20,40	20,67
18/11/2021	20,90	21,48	20,51	20,64
17/11/2021	22,09	22,14	20,45	20,78
16/11/2021	22,78	22,96	21,57	21,75
12/11/2021	23,48	24,11	22,44	22,74
11/11/2021	23,85	24,54	23,57	23,75
10/11/2021	22,79	23,93	22,60	23,55
09/11/2021	23,83	24,55	22,40	22,73
08/11/2021	23,96	24,02	23,21	23,72
05/11/2021	23,58	24,40	23,38	24,21
04/11/2021	23,53	23,74	22,87	23,17
03/11/2021	23,22	24,10	22,99	23,60
01/11/2021	22,93	23,68	22,83	23,45
29/10/2021	22,63	23,01	22,25	22,34
28/10/2021	22,30	23,14	22,30	22,43
27/10/2021	22,58	23,24	22,27	22,59
26/10/2021	22,71	22,94	22,07	22,35
25/10/2021	22,80	23,60	22,79	23,14
22/10/2021	23,37	23,37	21,28	22,61
21/10/2021	23,79	24,16	22,95	23,27
20/10/2021	24,18	24,89	23,66	24,56
19/10/2021	24,80	24,83	23,58	23,96
18/10/2021	25,26	25,50	24,57	25,36
15/10/2021	24,49	25,79	24,41	25,76
14/10/2021	24,76	24,91	24,10	24,55
13/10/2021	24,01	24,84	23,62	24,51
11/10/2021	25,16	25,25	23,74	23,88
08/10/2021	24,45	25,93	24,44	25,33
07/10/2021	24,17	24,46	23,83	24,21
06/10/2021	23,53	24,09	22,71	24,07
05/10/2021	24,57	24,67	23,82	23,87
04/10/2021	25,11	25,23	23,65	24,52
01/10/2021	24,96	26,09	24,96	25,78
30/09/2021	25,76	25,89	24,68	24,93
29/09/2021	25,65	25,93	25,31	25,76
28/09/2021	26,15	26,33	25,07	25,40
27/09/2021	26,53	26,98	26,15	26,58
24/09/2021	26,61	26,66	25,98	26,52
23/09/2021	26,95	27,31	26,57	26,95
22/09/2021	26,42	27,48	26,13	26,82
21/09/2021	25,61	26,33	25,56	26,00
20/09/2021	25,36	25,84	25,06	25,53
17/09/2021	26,80	27,05	26,27	26,34
16/09/2021	26,91	27,22	26,77	27,09
15/09/2021	27,22	27,59	26,56	27,24
14/09/2021	27,49	27,98	27,21	27,37
13/09/2021	26,90	27,81	26,90	27,30
10/09/2021	27,92	28,03	26,50	26,68
09/09/2021	26,26	28,06	26,20	27,61
08/09/2021	27,63	27,63	26,15	26,33
06/09/2021	27,00	27,96	27,00	27,68
03/09/2021	27,53	27,79	26,61	27,18
02/09/2021	27,71	27,91	27,07	27,36
01/09/2021	28,10	28,23	27,44	27,71
31/08/2021	28,48	29,12	27,88	28,00
30/08/2021	29,00	29,05	28,31	28,47
27/08/2021	28,14	28,94	27,97	28,94
26/08/2021	28,36	28,93	27,62	27,81
25/08/2021	28,40	28,53	27,53	28,53
24/08/2021	28,04	28,92	28,04	28,39
23/08/2021	28,23	28,52	27,46	27,64
20/08/2021	27,93	28,43	27,44	28,07
19/08/2021	26,75	28,36	26,67	28,02
18/08/2021	27,85	28,27	27,05	27,34
17/08/2021	27,97	28,17	26,48	27,82
16/08/2021	29,31	29,33	27,79	28,03
13/08/2021	29,45	29,50	28,31	29,41
12/08/2021	29,92	30,18	29,08	29,20
11/08/2021	31,11	31,21	29,80	30,07
10/08/2021	31,95	32,35	30,57	30,80
09/08/2021	29,90	31,47	29,70	31,01
06/08/2021	29,54	29,94	28,85	29,84
05/08/2021	29,58	30,05	28,93	29,30
04/08/2021	29,48	29,64	28,99	29,45
03/08/2021	29,13	29,71	27,96	29,58
02/08/2021	29,48	29,89	28,75	29,12
30/07/2021	29,86	30,48	28,39	28,85
29/07/2021	30,71	31,06	29,88	30,22
28/07/2021	31,42	31,52	30,35	30,58
27/07/2021	31,76	31,76	30,70	31,22
26/07/2021	31,25	32,27	31,08	31,81
23/07/2021	31,34	31,58	30,97	31,23
22/07/2021	31,16	31,51	31,06	31,21
21/07/2021	31,15	31,48	30,88	31,37
20/07/2021	30,80	31,23	30,43	31,11
19/07/2021	30,67	31,04	30,20	30,72
16/07/2021	31,75	31,75	31,08	31,23
15/07/2021	31,24	31,99	31,03	31,74
14/07/2021	31,07	31,45	30,86	31,17
13/07/2021	30,17	30,91	29,82	30,71
12/07/2021	30,36	30,51	29,90	30,28
08/07/2021	29,89	30,17	29,03	30,00
07/07/2021	30,65	30,76	29,89	30,53
06/07/2021	30,92	31,22	30,00	30,29
05/07/2021	31,27	31,51	30,66	30,97
02/07/2021	30,07	31,35	29,89	31,02
01/07/2021	30,06	30,71	29,28	29,72
30/06/2021	30,19	30,19	29,68	30,08
29/06/2021	30,14	30,24	29,58	30,24
28/06/2021	29,45	30,36	29,33	30,06
25/06/2021	29,55	29,80	28,92	29,15
24/06/2021	30,05	30,25	29,63	29,68
23/06/2021	29,77	30,04	29,61	29,88
22/06/2021	30,30	30,30	29,40	29,81
21/06/2021	30,21	30,31	29,78	30,31
18/06/2021	29,97	30,31	29,87	30,27
17/06/2021	30,17	30,44	29,77	30,15
16/06/2021	30,08	30,56	29,82	30,18
15/06/2021	29,30	30,29	29,11	30,08
14/06/2021	29,17	29,44	28,97	29,20
11/06/2021	29,77	29,81	28,81	29,15
10/06/2021	30,06	30,20	29,61	29,78
09/06/2021	30,46	30,49	29,67	29,94
08/06/2021	30,18	30,47	29,71	30,44
07/06/2021	29,99	30,26	29,38	30,11
04/06/2021	29,70	30,28	29,63	30,13
02/06/2021	30,12	30,41	29,58	29,90
01/06/2021	31,00	31,00	29,48	30,07
31/05/2021	30,81	31,00	30,38	30,64
28/05/2021	30,44	30,55	29,90	30,30
27/05/2021	30,04	30,61	29,86	30,32
26/05/2021	29,82	30,76	29,75	29,82
25/05/2021	30,36	30,96	30,02	30,02
24/05/2021	29,36	30,45	29,32	30,21
21/05/2021	29,41	29,50	28,80	29,25
20/05/2021	28,78	29,64	28,62	29,41
19/05/2021	27,86	28,71	27,85	28,51
18/05/2021	28,75	28,79	28,15	28,20
17/05/2021	27,85	28,81	27,54	28,56
14/05/2021	28,11	28,28	27,28	27,68
13/05/2021	26,99	28,03	26,89	27,70
12/05/2021	26,82	27,48	26,55	26,62
11/05/2021	27,33	27,85	26,69	27,18
10/05/2021	28,06	28,14	27,22	27,69
07/05/2021	27,65	28,28	27,50	27,58
06/05/2021	27,11	27,89	26,94	27,55
05/05/2021	26,75	27,28	26,47	27,11
04/05/2021	27,58	27,60	26,30	26,51
03/05/2021	26,99	27,62	26,77	27,58
30/04/2021	25,98	26,65	25,60	26,56
29/04/2021	26,42	26,43	25,89	26,18
28/04/2021	25,85	26,41	25,83	26,23
27/04/2021	25,14	26,43	25,03	25,79
26/04/2021	24,65	25,35	24,65	25,10
23/04/2021	24,13	24,95	24,04	24,55
22/04/2021	24,37	24,68	23,91	24,05
20/04/2021	24,61	24,73	24,13	24,28
19/04/2021	24,87	25,36	24,47	24,59
16/04/2021	24,59	25,24	24,12	24,93
15/04/2021	24,56	24,72	24,19	24,46
14/04/2021	24,36	24,95	24,23	24,52
13/04/2021	24,41	24,53	24,15	24,30
12/04/2021	24,40	24,59	24,32	24,46
09/04/2021	24,41	24,58	24,17	24,29
08/04/2021	24,45	24,66	24,11	24,58
07/04/2021	24,25	24,72	24,05	24,35
06/04/2021	24,59	25,18	24,11	24,31
05/04/2021	23,69	24,37	23,55	24,27
01/04/2021	23,97	24,11	23,05	23,30
31/03/2021	24,01	24,01	23,42	23,92
30/03/2021	22,63	24,16	22,48	24,01
29/03/2021	22,39	22,74	22,32	22,69
26/03/2021	22,84	23,14	22,38	22,67
25/03/2021	22,58	23,04	22,08	22,84
24/03/2021	23,56	23,57	22,61	22,63
23/03/2021	23,16	23,95	22,99	23,44
22/03/2021	23,17	23,53	22,83	23,21
19/03/2021	22,72	23,15	22,41	23,06
18/03/2021	23,05	23,24	22,39	22,54
17/03/2021	22,47	23,38	22,37	23,21
16/03/2021	23,02	23,09	22,43	22,51
15/03/2021	23,31	23,66	22,86	22,97
12/03/2021	22,83	23,31	22,65	23,31
11/03/2021	22,75	23,23	22,19	23,14
10/03/2021	21,92	22,55	21,34	22,43
09/03/2021	22,38	22,51	21,52	21,64
08/03/2021	23,40	23,54	21,81	22,10
05/03/2021	24,40	24,52	23,13	23,87
04/03/2021	25,23	25,80	24,13	24,36
03/03/2021	25,29	25,34	23,75	25,22
02/03/2021	24,89	25,62	23,94	25,31
01/03/2021	25,39	25,78	24,91	25,01
26/02/2021	25,36	26,07	24,69	25,05
25/02/2021	26,06	26,80	24,46	25,20
24/02/2021	26,10	26,53	25,71	26,05
23/02/2021	25,92	26,37	25,50	25,86
22/02/2021	25,76	25,76	24,84	25,61
19/02/2021	26,20	26,60	25,91	26,35
18/02/2021	26,86	26,86	26,00	26,18
17/02/2021	26,63	27,08	26,10	26,94
12/02/2021	27,35	27,35	26,67	26,87
11/02/2021	27,10	27,70	26,99	27,51
10/02/2021	28,10	28,38	26,62	26,80
09/02/2021	28,14	28,31	26,99	28,03
08/02/2021	27,22	28,55	27,08	28,14
05/02/2021	27,11	28,38	26,64	27,11
04/02/2021	26,24	27,01	25,97	26,98
03/02/2021	24,51	26,33	24,51	26,24
02/02/2021	24,78	24,86	24,01	24,36
01/02/2021	24,10	24,71	23,48	24,27
29/01/2021	23,68	24,53	23,05	23,43
28/01/2021	22,26	24,35	22,26	24,16
27/01/2021	22,43	22,72	22,06	22,21
26/01/2021	22,70	23,28	22,50	22,55
22/01/2021	22,70	23,32	22,56	22,89
21/01/2021	23,17	23,48	22,74	22,88
20/01/2021	23,66	23,71	22,89	23,14
19/01/2021	22,92	24,00	22,87	23,45
18/01/2021	22,03	23,29	22,03	22,74
15/01/2021	22,28	22,47	21,84	21,87
14/01/2021	22,68	22,94	22,34	22,56
13/01/2021	22,78	23,15	22,27	22,49
12/01/2021	22,04	22,80	21,78	22,77
11/01/2021	22,35	22,76	21,63	21,89
08/01/2021	22,43	22,92	22,37	22,75
07/01/2021	21,47	22,34	21,38	22,29
06/01/2021	22,27	22,38	21,36	21,44
05/01/2021	22,29	22,64	21,81	22,21
04/01/2021	23,27	23,40	22,45	22,52
30/12/2020	23,40	23,59	22,88	23,03
29/12/2020	23,40	23,53	23,03	23,39
28/12/2020	22,74	23,47	22,72	23,40
23/12/2020	22,97	23,27	22,70	22,73
22/12/2020	22,42	22,93	22,30	22,93
21/12/2020	21,46	22,45	21,20	22,22
18/12/2020	22,43	22,51	21,86	22,07
17/12/2020	22,25	22,77	22,24	22,43
16/12/2020	21,68	22,60	21,52	22,24
15/12/2020	21,28	21,83	21,14	21,64
14/12/2020	19,94	21,09	19,88	21,09
11/12/2020	19,42	20,20	19,40	19,99
10/12/2020	19,51	19,89	19,12	19,68
09/12/2020	20,19	20,30	19,30	19,46
08/12/2020	19,97	20,57	19,85	20,22
07/12/2020	20,31	20,45	19,77	20,09
04/12/2020	20,68	20,79	20,03	20,27
03/12/2020	19,72	21,22	19,51	20,47
02/12/2020	19,83	20,21	19,17	19,57
01/12/2020	19,55	20,27	19,19	19,72
30/11/2020	19,72	19,74	19,17	19,41
27/11/2020	19,96	20,21	19,71	19,85
26/11/2020	19,79	19,95	19,44	19,95
25/11/2020	19,46	19,93	19,34	19,85
24/11/2020	19,50	19,70	19,25	19,45
23/11/2020	19,94	20,06	19,32	19,45
20/11/2020	20,18	20,29	19,78	19,85
19/11/2020	20,16	20,40	19,92	20,18
18/11/2020	20,42	20,55	19,82	20,16
17/11/2020	19,82	20,46	19,81	20,38
16/11/2020	20,06	20,30	19,71	19,82
13/11/2020	19,84	19,92	19,29	19,77
12/11/2020	19,51	19,90	19,21	19,53
11/11/2020	18,61	19,69	18,57	19,60
10/11/2020	19,23	19,33	18,43	18,61
09/11/2020	20,21	20,48	19,11	19,23
06/11/2020	18,84	19,75	18,76	19,64
05/11/2020	18,80	19,55	18,80	19,14
04/11/2020	17,88	18,73	17,75	18,65
03/11/2020	18,13	18,19	17,44	17,63
30/10/2020	18,13	18,13	17,41	17,76
29/10/2020	17,64	18,57	16,97	18,34
28/10/2020	18,48	18,53	17,64	17,64
27/10/2020	19,60	19,61	18,87	18,99
26/10/2020	19,72	19,74	18,85	19,32
23/10/2020	19,72	19,96	19,39	19,50
22/10/2020	19,87	20,01	19,58	19,70
21/10/2020	19,43	19,91	19,08	19,90
20/10/2020	18,57	19,41	18,56	19,40
19/10/2020	17,80	18,91	17,76	18,38
16/10/2020	18,01	18,09	17,65	17,72
15/10/2020	18,04	18,19	17,75	18,14
14/10/2020	17,63	18,42	17,58	18,28
13/10/2020	18,01	18,04	17,52	17,58
09/10/2020	17,92	18,36	17,76	17,87
08/10/2020	17,88	18,10	17,58	18,01
07/10/2020	18,12	18,27	17,64	17,80
06/10/2020	18,29	18,45	17,90	18,11
05/10/2020	17,73	18,30	17,69	18,16
02/10/2020	18,10	18,49	17,55	17,66
01/10/2020	17,76	18,27	17,61	18,25
30/09/2020	17,53	17,95	17,53	17,85
29/09/2020	17,71	17,96	17,32	17,42
28/09/2020	18,42	18,86	17,70	17,71
25/09/2020	18,06	18,20	17,76	18,20
24/09/2020	17,99	18,32	17,79	18,15
23/09/2020	18,01	18,34	17,78	17,92
22/09/2020	17,88	18,35	17,34	17,93
21/09/2020	18,13	18,32	17,64	17,79
18/09/2020	19,35	19,54	18,56	18,56
17/09/2020	19,39	19,64	19,28	19,53
16/09/2020	19,57	19,96	19,42	19,60
15/09/2020	20,18	20,25	19,46	19,57
14/09/2020	19,41	20,04	19,41	19,96
11/09/2020	19,48	19,61	18,99	19,14
10/09/2020	19,90	20,02	19,34	19,39
09/09/2020	19,35	20,06	19,29	19,97
08/09/2020	19,15	19,39	18,91	19,12
04/09/2020	20,07	20,30	19,00	19,48
03/09/2020	20,39	20,68	19,65	19,96
02/09/2020	20,58	20,74	20,00	20,36
01/09/2020	19,63	20,54	19,63	20,54
31/08/2020	20,11	20,21	19,68	19,68
28/08/2020	20,28	20,45	20,07	20,28
27/08/2020	19,84	20,28	19,55	20,28
26/08/2020	19,88	20,32	19,14	19,76
25/08/2020	20,33	20,65	19,77	19,87
24/08/2020	20,49	20,60	20,19	20,43
21/08/2020	20,28	20,33	19,87	20,24
20/08/2020	19,94	20,46	19,93	20,37
19/08/2020	20,86	20,97	20,46	20,55
18/08/2020	19,80	21,00	19,64	21,00
17/08/2020	20,24	20,24	18,99	19,38
14/08/2020	21,07	21,13	20,05	20,24
13/08/2020	21,40	21,48	20,72	20,94
12/08/2020	21,56	21,78	20,79	21,40
11/08/2020	22,23	22,50	21,29	21,39
10/08/2020	21,61	22,23	21,23	21,77
07/08/2020	21,81	21,93	21,07	21,50
06/08/2020	21,71	21,96	21,40	21,96
05/08/2020	21,56	21,88	21,28	21,61
04/08/2020	21,80	22,10	21,05	21,36
03/08/2020	21,56	22,27	21,19	21,99
31/07/2020	21,55	21,68	20,73	21,17
30/07/2020	21,11	21,53	20,78	21,28
29/07/2020	20,82	21,58	20,02	21,53
28/07/2020	21,39	21,65	20,71	20,79
27/07/2020	21,55	22,00	21,13	21,49
24/07/2020	21,55	21,55	20,39	21,29
23/07/2020	21,80	22,82	21,31	21,41
22/07/2020	21,92	21,97	21,26	21,73
21/07/2020	22,77	22,87	21,56	21,75
20/07/2020	22,36	22,69	21,63	22,53
17/07/2020	21,19	21,69	20,96	21,69
16/07/2020	20,46	21,63	20,29	20,96
15/07/2020	20,63	20,88	20,42	20,46
14/07/2020	20,68	21,00	19,94	20,38
13/07/2020	20,95	21,22	20,59	20,59
10/07/2020	20,33	20,80	20,04	20,80
09/07/2020	20,72	20,97	20,17	20,27
08/07/2020	19,93	20,71	19,91	20,71
07/07/2020	19,41	20,02	19,12	19,88
06/07/2020	19,77	19,97	19,36	19,49
03/07/2020	19,19	19,52	19,06	19,37
02/07/2020	18,96	19,59	18,82	19,25
01/07/2020	19,12	19,37	18,46	18,64
30/06/2020	18,37	19,10	18,10	18,64
29/06/2020	18,27	18,51	17,95	18,51
26/06/2020	18,57	18,95	17,52	17,70
25/06/2020	18,76	19,34	18,31	18,73
24/06/2020	19,00	19,49	18,18	18,68
23/06/2020	19,03	19,93	18,81	19,11
22/06/2020	17,42	18,97	17,18	18,51
19/06/2020	17,12	17,54	16,62	17,54
18/06/2020	15,58	17,03	15,36	17,03
17/06/2020	15,35	16,19	15,35	15,61
16/06/2020	15,31	15,82	15,18	15,32
15/06/2020	14,86	15,13	14,50	14,81
12/06/2020	15,05	15,47	14,79	15,35
10/06/2020	16,20	16,32	15,23	15,37
09/06/2020	15,71	16,69	15,42	15,98
08/06/2020	14,70	16,39	14,70	16,08
05/06/2020	15,16	15,50	14,51	14,67
04/06/2020	14,31	14,98	13,94	14,68
03/06/2020	13,98	15,07	13,84	14,49
02/06/2020	12,25	13,49	12,23	13,49
01/06/2020	11,90	12,29	11,74	12,21
29/05/2020	12,12	12,12	11,51	11,90
28/05/2020	12,18	12,30	11,97	12,08
27/05/2020	12,19	12,40	12,09	12,40
26/05/2020	12,43	12,68	11,99	11,99
25/05/2020	11,81	12,32	11,47	12,23
22/05/2020	11,24	11,43	11,01	11,22
21/05/2020	10,53	11,46	10,30	11,45
20/05/2020	10,18	10,54	10,03	10,47
19/05/2020	9,87	10,29	9,73	10,11
18/05/2020	9,38	9,97	9,26	9,95
15/05/2020	9,21	9,45	8,85	9,11
14/05/2020	9,01	9,29	8,79	9,29
13/05/2020	9,06	9,20	8,78	9,20
12/05/2020	9,40	9,63	8,83	8,89
11/05/2020	9,04	9,46	8,90	9,03
08/05/2020	9,14	9,36	8,90	9,12
07/05/2020	9,78	9,79	9,01	9,01
06/05/2020	10,12	10,17	9,62	9,62
05/05/2020	10,18	10,39	9,86	10,08
04/05/2020	9,89	10,18	9,74	10,04
30/04/2020	10,30	10,48	9,90	10,30
29/04/2020	11,00	11,16	10,55	10,66
28/04/2020	10,06	10,84	10,04	10,84
27/04/2020	9,38	9,82	8,98	9,78
24/04/2020	9,74	9,92	8,23	9,14
23/04/2020	10,48	10,74	9,84	9,89
22/04/2020	9,72	10,35	9,55	10,21
20/04/2020	9,69	10,17	9,59	9,62
17/04/2020	10,00	10,03	9,70	9,87
16/04/2020	10,01	10,07	9,59	9,65
15/04/2020	9,50	10,05	9,38	9,74
14/04/2020	9,89	10,31	9,86	9,86
13/04/2020	10,17	10,17	9,61	9,74
09/04/2020	9,86	10,28	9,79	10,17
08/04/2020	9,32	9,86	9,11	9,72
07/04/2020	9,62	9,80	9,07	9,31
06/04/2020	8,40	9,07	8,40	8,64
03/04/2020	7,65	7,91	7,21	7,87
02/04/2020	7,44	7,77	7,31	7,77
01/04/2020	7,80	7,80	7,19	7,31
31/03/2020	8,79	8,87	7,93	8,10
30/03/2020	8,92	9,47	8,57	8,79
27/03/2020	8,53	9,23	8,36	8,87
26/03/2020	8,53	9,84	8,23	9,07
25/03/2020	7,92	9,20	7,52	8,33
24/03/2020	7,06	7,94	7,06	7,94
23/03/2020	7,31	7,41	6,22	6,36
20/03/2020	8,28	8,47	6,95	7,31
19/03/2020	7,31	8,30	6,58	7,86
18/03/2020	7,92	8,07	6,29	7,80
17/03/2020	8,96	8,98	8,07	8,53
16/03/2020	8,53	9,27	8,16	8,56
13/03/2020	9,91	10,23	7,92	10,12
12/03/2020	9,25	9,46	7,61	7,91
11/03/2020	11,90	12,41	10,45	10,82
10/03/2020	12,35	12,56	11,64	12,49
09/03/2020	12,18	12,70	11,50	11,50
06/03/2020	13,67	14,37	13,28	14,04
05/03/2020	15,81	16,04	14,49	14,62
04/03/2020	15,86	16,34	15,65	16,04
03/03/2020	16,22	16,66	15,62	15,64
02/03/2020	16,15	16,83	15,71	16,64
28/02/2020	15,83	16,46	15,15	16,46
27/02/2020	16,08	16,61	15,64	16,01
26/02/2020	16,55	16,70	15,89	16,41
21/02/2020	17,54	18,02	17,27	17,66
20/02/2020	18,29	18,29	17,42	17,76
19/02/2020	18,15	18,38	17,58	18,26
18/02/2020	18,73	18,73	18,02	18,26
17/02/2020	19,00	19,19	18,64	18,83
14/02/2020	19,84	19,84	18,55	19,00
13/02/2020	19,25	20,39	18,95	19,84
12/02/2020	18,60	19,34	18,53	19,34
11/02/2020	17,98	18,70	17,91	18,60
10/02/2020	18,86	18,86	17,82	17,98
07/02/2020	19,05	19,22	18,65	18,86
06/02/2020	19,22	19,22	18,72	19,05
05/02/2020	18,61	19,22	18,55	19,22
04/02/2020	18,51	18,61	18,20	18,43
03/02/2020	18,49	18,49	18,11	18,39
31/01/2020	18,06	18,40	17,83	18,27
30/01/2020	18,24	18,38	17,69	18,37
29/01/2020	18,34	18,52	18,08	18,25
28/01/2020	18,02	18,51	18,02	18,32
27/01/2020	18,64	18,71	17,93	17,95
24/01/2020	19,10	19,22	18,70	19,09
23/01/2020	19,03	19,22	18,79	19,09
22/01/2020	18,86	19,07	18,27	19,07
21/01/2020	18,70	18,86	18,42	18,84
20/01/2020	18,68	18,78	18,53	18,71
17/01/2020	18,26	18,74	18,10	18,74
16/01/2020	18,22	18,37	17,86	18,26
15/01/2020	18,27	18,37	17,93	18,15
14/01/2020	18,59	18,63	18,27	18,27
13/01/2020	18,61	18,86	18,56	18,59
10/01/2020	18,51	19,05	18,30	18,49
09/01/2020	18,32	18,50	18,15	18,49
08/01/2020	18,37	18,39	18,02	18,32
07/01/2020	18,19	18,50	17,82	18,44
06/01/2020	18,47	18,60	18,22	18,25
03/01/2020	18,36	18,51	18,25	18,47
02/01/2020	18,42	18,62	18,28	18,46
30/12/2019	18,38	18,56	18,15	18,42
27/12/2019	18,26	18,34	17,85	18,34
26/12/2019	18,11	18,47	18,03	18,19
23/12/2019	18,27	18,48	17,70	18,09
20/12/2019	18,47	18,57	18,20	18,28
19/12/2019	18,14	18,67	17,96	18,46
18/12/2019	18,24	18,24	17,76	18,21
17/12/2019	18,07	18,24	17,69	18,10
16/12/2019	18,14	18,28	17,91	17,94
13/12/2019	18,08	18,13	17,78	18,07
12/12/2019	17,91	18,18	17,78	18,01
11/12/2019	18,09	18,37	17,54	17,82
10/12/2019	18,60	18,61	17,71	17,99
09/12/2019	18,14	18,74	18,14	18,51
06/12/2019	17,30	18,11	17,18	18,08
05/12/2019	17,16	17,29	17,02	17,19
04/12/2019	16,57	17,16	16,43	17,16
03/12/2019	16,69	16,72	16,40	16,44
02/12/2019	16,93	17,14	16,60	16,60
29/11/2019	16,57	16,99	16,57	16,99
28/11/2019	16,52	16,72	16,38	16,57
27/11/2019	16,57	16,63	16,23	16,49
26/11/2019	16,93	16,93	16,03	16,52
25/11/2019	17,34	17,41	16,84	16,89
22/11/2019	17,34	17,34	17,07	17,24
21/11/2019	16,64	17,30	16,53	17,30
19/11/2019	16,21	16,67	16,08	16,64
18/11/2019	16,33	16,51	16,03	16,11
14/11/2019	15,88	16,29	15,74	16,23
13/11/2019	15,98	16,16	15,36	15,89
12/11/2019	16,07	16,26	15,91	16,16
11/11/2019	16,28	16,33	16,04	16,21
08/11/2019	16,04	16,51	15,89	16,28
07/11/2019	16,16	16,21	16,00	16,21
06/11/2019	16,27	16,39	15,79	16,02
05/11/2019	16,28	16,44	15,97	16,21
04/11/2019	16,06	16,21	15,69	15,97
01/11/2019	15,89	16,14	15,68	16,05
31/10/2019	15,58	15,86	15,41	15,71
30/10/2019	15,48	15,59	15,25	15,56
29/10/2019	15,51	15,62	15,28	15,36
28/10/2019	15,72	15,72	15,46	15,53
25/10/2019	15,65	16,03	15,36	15,58
24/10/2019	14,91	15,60	14,90	15,58
23/10/2019	14,29	15,05	14,20	14,95
22/10/2019	14,25	14,39	14,10	14,34
21/10/2019	14,03	14,22	13,89	14,21
18/10/2019	14,03	14,21	13,87	14,08
17/10/2019	14,04	14,22	14,03	14,12
16/10/2019	13,71	14,08	13,61	14,08
15/10/2019	13,51	13,95	13,36	13,77
14/10/2019	13,29	13,51	13,09	13,48
11/10/2019	13,06	13,28	12,95	13,26
10/10/2019	12,54	13,11	12,50	12,99
09/10/2019	12,64	12,73	12,25	12,66
08/10/2019	12,33	12,61	12,09	12,49
07/10/2019	12,53	12,62	12,24	12,25
04/10/2019	13,10	13,42	12,46	12,52
03/10/2019	13,55	13,65	12,24	13,10
02/10/2019	13,80	13,87	13,46	13,61
01/10/2019	14,15	14,21	13,84	13,98
30/09/2019	14,03	14,27	14,01	14,16
27/09/2019	14,18	14,18	13,87	14,09
26/09/2019	13,86	14,18	13,77	14,18
25/09/2019	13,81	13,86	13,28	13,86
24/09/2019	13,85	13,85	13,60	13,76
23/09/2019	13,86	13,86	13,59	13,79
20/09/2019	14,02	14,10	13,76	13,90
19/09/2019	13,79	14,20	13,67	14,02
18/09/2019	13,30	13,75	13,30	13,75
17/09/2019	13,18	13,43	13,07	13,41
16/09/2019	13,31	13,47	13,09	13,17
13/09/2019	13,45	13,58	13,20	13,33
12/09/2019	13,21	13,43	12,83	13,34
11/09/2019	12,64	13,05	12,63	12,96
10/09/2019	12,22	12,44	11,93	12,44
09/09/2019	12,84	12,91	11,94	12,23
06/09/2019	13,06	13,28	12,73	12,77
05/09/2019	13,56	13,86	13,16	13,18
04/09/2019	13,70	13,79	13,15	13,45
03/09/2019	14,22	14,23	13,48	13,54
02/09/2019	13,91	14,42	13,89	14,22
30/08/2019	13,93	14,17	13,67	14,17
29/08/2019	13,12	14,18	12,74	13,60
28/08/2019	13,22	13,30	12,58	12,90
27/08/2019	12,15	13,26	11,40	13,19
26/08/2019	14,18	14,35	9,68	11,24
23/08/2019	14,45	14,90	13,45	13,79
22/08/2019	16,21	16,56	16,12	16,26
21/08/2019	15,92	16,44	15,91	15,97
20/08/2019	15,48	15,87	14,83	15,84
19/08/2019	15,12	15,67	15,04	15,43
16/08/2019	15,09	15,47	14,63	14,87
15/08/2019	15,10	15,58	14,78	14,96
14/08/2019	15,48	15,67	14,99	15,09
13/08/2019	15,97	16,20	15,42	15,50
12/08/2019	15,48	15,52	14,83	15,12
09/08/2019	15,72	15,86	15,21	15,54
08/08/2019	15,38	15,71	15,12	15,55
07/08/2019	15,12	15,36	14,74	15,20
06/08/2019	14,43	15,28	14,43	15,11
05/08/2019	14,76	14,76	14,23	14,28
02/08/2019	15,09	15,18	14,52	14,83
01/08/2019	14,33	15,42	14,33	14,70
31/07/2019	14,30	14,84	14,08	14,32
30/07/2019	13,50	14,35	13,50	14,26
29/07/2019	13,24	13,49	13,08	13,49
26/07/2019	13,20	13,24	13,00	13,18
25/07/2019	13,34	13,42	13,03	13,16
24/07/2019	13,42	13,54	13,28	13,34
23/07/2019	13,52	13,65	13,24	13,42
22/07/2019	13,63	13,87	13,50	13,50
19/07/2019	13,82	13,93	13,55	13,64
18/07/2019	14,02	14,08	13,63	13,89
17/07/2019	14,14	14,14	13,93	14,02
16/07/2019	13,74	14,08	13,66	14,02
15/07/2019	13,90	14,01	13,73	13,80
12/07/2019	13,90	14,03	13,71	13,90
11/07/2019	13,50	14,18	13,50	13,95
10/07/2019	13,66	13,76	13,33	13,50
08/07/2019	13,39	13,88	13,34	13,60
05/07/2019	12,71	13,63	12,58	13,45
04/07/2019	12,22	12,81	12,22	12,70
03/07/2019	12,01	12,22	11,77	12,22
02/07/2019	12,09	12,13	11,96	12,00
01/07/2019	12,41	12,41	11,85	11,99
28/06/2019	11,91	12,19	11,77	12,19
27/06/2019	11,74	11,91	11,56	11,91
26/06/2019	12,01	12,01	11,64	11,74
25/06/2019	11,97	12,01	11,74	11,86
24/06/2019	11,98	12,11	11,85	11,93
21/06/2019	11,98	12,16	11,79	12,07
19/06/2019	11,78	11,91	11,66	11,89
18/06/2019	11,50	11,83	11,35	11,71
17/06/2019	11,12	11,62	11,12	11,44
14/06/2019	11,35	11,35	11,08	11,22
13/06/2019	11,41	11,42	11,06	11,36
12/06/2019	11,45	11,59	11,28	11,32
11/06/2019	11,41	11,50	11,22	11,33
10/06/2019	11,67	11,67	11,32	11,35
07/06/2019	11,55	11,69	11,46	11,65
06/06/2019	10,87	11,53	10,80	11,46
05/06/2019	11,29	11,33	10,72	10,82
04/06/2019	11,15	11,29	10,91	11,19
03/06/2019	11,34	11,35	10,95	11,19
31/05/2019	11,45	11,53	11,07	11,20
30/05/2019	11,05	11,58	11,02	11,51
29/05/2019	10,78	11,21	10,76	11,02
28/05/2019	10,69	10,69	10,05	10,47
27/05/2019	10,42	10,71	10,23	10,59
24/05/2019	10,64	10,64	10,39	10,47
23/05/2019	10,50	10,73	10,35	10,54
22/05/2019	10,20	10,57	10,08	10,53
21/05/2019	9,48	10,23	9,46	10,20
20/05/2019	9,50	9,52	9,30	9,44
17/05/2019	9,58	9,67	9,23	9,39
16/05/2019	9,62	9,83	9,44	9,57
15/05/2019	9,75	9,75	9,48	9,59
14/05/2019	10,09	10,16	9,53	9,77
13/05/2019	9,97	10,02	9,88	10,00
10/05/2019	9,64	10,11	9,62	10,00
09/05/2019	9,61	9,70	9,38	9,62
08/05/2019	9,59	9,68	9,50	9,55
07/05/2019	9,60	9,72	9,47	9,61
06/05/2019	9,69	9,80	9,57	9,66
03/05/2019	9,79	9,83	9,72	9,72
02/05/2019	9,89	9,90	9,78	9,79
30/04/2019	9,73	9,93	9,66	9,92
29/04/2019	9,62	9,77	9,59	9,73
26/04/2019	9,54	9,71	9,50	9,62
25/04/2019	9,51	9,56	9,32	9,56
24/04/2019	9,67	9,67	9,44	9,51
23/04/2019	9,11	9,46	9,09	9,45
22/04/2019	9,10	9,11	8,99	9,11
18/04/2019	9,10	9,14	9,03	9,10
17/04/2019	9,01	9,10	8,87	9,10
16/04/2019	9,03	9,09	8,90	9,03
15/04/2019	8,99	9,11	8,99	9,03
12/04/2019	8,93	9,03	8,73	8,96
11/04/2019	9,11	9,11	8,90	8,94
10/04/2019	9,06	9,11	9,02	9,11
09/04/2019	9,10	9,14	8,85	8,97
08/04/2019	9,11	9,11	8,96	9,10
05/04/2019	9,25	9,25	9,04	9,09
04/04/2019	8,79	9,47	8,78	9,23
03/04/2019	8,71	9,02	8,69	8,79
02/04/2019	8,72	8,72	8,58	8,69
01/04/2019	8,69	8,72	8,64	8,69
29/03/2019	8,39	8,67	8,30	8,67
28/03/2019	8,11	8,34	7,95	8,27
27/03/2019	8,67	8,67	8,06	8,10
26/03/2019	8,48	8,69	8,43	8,69
25/03/2019	8,62	8,67	8,21	8,41
22/03/2019	8,50	8,50	8,32	8,38
21/03/2019	8,67	8,67	8,27	8,51
20/03/2019	8,70	8,71	8,60	8,66
19/03/2019	8,67	8,78	8,58	8,70
18/03/2019	8,51	8,67	8,40	8,67
15/03/2019	8,21	8,50	8,14	8,50
14/03/2019	8,21	8,21	8,12	8,17
13/03/2019	8,03	8,21	7,93	8,21
12/03/2019	8,14	8,14	7,96	8,02
11/03/2019	7,86	8,12	7,69	8,10
08/03/2019	7,79	7,87	7,68	7,84
07/03/2019	8,07	8,08	7,80	7,81
06/03/2019	8,15	8,16	7,86	8,05
01/03/2019	8,21	8,21	8,01	8,15
28/02/2019	8,21	8,21	8,02	8,18
27/02/2019	7,84	8,37	7,76	8,21
26/02/2019	7,82	7,86	7,70	7,81
25/02/2019	7,93	7,94	7,66	7,82
22/02/2019	7,91	7,99	7,68	7,85
21/02/2019	7,86	7,95	7,65	7,85
20/02/2019	8,09	8,09	7,80	7,82
19/02/2019	8,27	8,27	7,99	8,06
18/02/2019	8,16	8,54	8,13	8,22
15/02/2019	8,27	8,27	8,14	8,15
14/02/2019	8,27	8,32	8,09	8,20
13/02/2019	8,00	8,25	7,98	8,15
12/02/2019	7,70	7,98	7,69	7,92
11/02/2019	7,74	7,74	7,63	7,68
08/02/2019	7,54	7,86	7,44	7,67
07/02/2019	7,18	7,33	7,05	7,33
06/02/2019	7,21	7,21	7,00	7,05
05/02/2019	7,32	7,33	7,15	7,21
04/02/2019	7,11	7,34	7,02	7,33
01/02/2019	7,10	7,24	7,02	7,11
31/01/2019	7,02	7,21	7,01	7,09
30/01/2019	6,97	7,11	6,91	7,02
29/01/2019	7,09	7,09	6,86	6,95
28/01/2019	6,88	7,10	6,88	7,02
24/01/2019	6,90	7,09	6,77	7,07
23/01/2019	6,58	6,82	6,56	6,71
22/01/2019	6,61	6,70	6,54	6,57
21/01/2019	6,68	6,68	6,57	6,61
18/01/2019	6,42	6,78	6,38	6,68
17/01/2019	6,27	6,46	6,24	6,40
16/01/2019	6,06	6,27	6,06	6,23
15/01/2019	6,12	6,17	6,07	6,13
14/01/2019	6,21	6,24	6,14	6,14
11/01/2019	6,21	6,26	6,13	6,21
10/01/2019	6,29	6,32	6,21	6,21
09/01/2019	6,35	6,35	6,17	6,29
08/01/2019	6,39	6,45	6,13	6,28
07/01/2019	6,33	6,52	6,30	6,43
04/01/2019	6,13	6,30	6,06	6,30
03/01/2019	5,78	6,09	5,74	6,08
02/01/2019	5,55	5,85	5,55	5,84
28/12/2018	5,44	5,55	5,44	5,52
27/12/2018	5,40	5,56	5,40	5,50
26/12/2018	5,39	5,55	5,39	5,52
21/12/2018	5,57	5,59	5,41	5,41
20/12/2018	5,51	5,54	5,43	5,50
19/12/2018	5,27	5,54	5,25	5,43
18/12/2018	5,14	5,26	5,14	5,24
17/12/2018	5,11	5,19	5,11	5,13
14/12/2018	5,12	5,15	5,07	5,14
13/12/2018	5,04	5,18	5,04	5,11
12/12/2018	5,09	5,16	5,06	5,09
11/12/2018	5,11	5,11	4,98	5,03
10/12/2018	5,16	5,19	5,02	5,05
07/12/2018	5,16	5,19	5,10	5,17
06/12/2018	5,16	5,19	5,05	5,14
05/12/2018	5,19	5,21	5,10	5,19
04/12/2018	5,17	5,21	5,10	5,14
03/12/2018	5,21	5,27	5,11	5,14
30/11/2018	5,20	5,22	5,16	5,19
29/11/2018	5,12	5,22	5,11	5,19
28/11/2018	5,20	5,21	5,06	5,11
27/11/2018	5,22	5,22	5,07	5,11
26/11/2018	5,08	5,19	4,89	5,18
23/11/2018	5,16	5,18	5,07	5,07
22/11/2018	5,16	5,16	5,08	5,14
21/11/2018	5,01	5,19	4,99	5,13
19/11/2018	5,22	5,22	5,08	5,08
16/11/2018	5,21	5,23	5,17	5,18
14/11/2018	5,20	5,24	5,07	5,18
13/11/2018	5,10	5,25	4,97	5,19
12/11/2018	5,00	5,13	5,00	5,09
09/11/2018	5,07	5,09	4,90	5,04
08/11/2018	5,16	5,21	5,05	5,10
07/11/2018	5,01	5,23	4,85	5,18
06/11/2018	4,78	5,01	4,74	5,01
05/11/2018	4,76	4,88	4,71	4,83
01/11/2018	4,64	4,78	4,61	4,76
31/10/2018	4,70	4,76	4,59	4,64
30/10/2018	4,56	4,71	4,55	4,69
29/10/2018	4,69	4,73	4,52	4,55
26/10/2018	4,57	4,59	4,42	4,57
25/10/2018	4,57	4,59	4,50	4,55
24/10/2018	4,71	4,72	4,51	4,53
23/10/2018	4,72	4,77	4,65	4,70
22/10/2018	4,66	4,80	4,66	4,78
19/10/2018	4,71	4,73	4,65	4,67
18/10/2018	4,80	4,80	4,65	4,68
17/10/2018	4,65	4,81	4,59	4,80
16/10/2018	4,79	4,80	4,61	4,69
15/10/2018	4,92	4,92	4,76	4,80
11/10/2018	4,89	4,92	4,84	4,84
10/10/2018	4,93	4,93	4,77	4,90
09/10/2018	4,87	5,00	4,85	4,92
08/10/2018	4,74	4,87	4,74	4,87
05/10/2018	4,57	4,68	4,55	4,64
04/10/2018	4,80	4,80	4,66	4,69
03/10/2018	4,80	4,93	4,76	4,79
02/10/2018	4,84	4,90	4,78	4,78
01/10/2018	5,02	5,02	4,81	4,82
28/09/2018	5,06	5,07	4,95	4,99
27/09/2018	5,00	5,09	5,00	5,09
26/09/2018	4,97	5,11	4,94	5,01
25/09/2018	4,95	4,96	4,87	4,96
24/09/2018	4,99	4,99	4,94	4,96
21/09/2018	4,99	5,01	4,87	4,96
20/09/2018	4,94	4,96	4,87	4,95
19/09/2018	4,98	4,98	4,84	4,95
18/09/2018	4,94	4,95	4,81	4,92
17/09/2018	4,81	4,99	4,80	4,96
14/09/2018	4,67	4,86	4,67	4,84
13/09/2018	4,69	4,72	4,56	4,71
12/09/2018	4,64	4,71	4,55	4,71
11/09/2018	4,72	4,72	4,64	4,64
10/09/2018	4,85	4,85	4,72	4,76
06/09/2018	4,77	4,82	4,70	4,80
05/09/2018	4,67	4,79	4,65	4,79
04/09/2018	4,74	4,75	4,62	4,71
03/09/2018	4,81	4,81	4,71	4,78
31/08/2018	4,71	4,91	4,69	4,81
30/08/2018	4,81	4,88	4,64	4,70
29/08/2018	4,75	4,85	4,74	4,85
28/08/2018	4,84	4,90	4,75	4,76
27/08/2018	4,62	4,90	4,62	4,90
24/08/2018	4,59	4,61	4,56	4,59
23/08/2018	4,68	4,71	4,57	4,57
22/08/2018	4,44	4,73	4,43	4,73
21/08/2018	4,64	4,64	4,41	4,48
20/08/2018	4,62	4,67	4,59	4,67
17/08/2018	4,65	4,68	4,57	4,64
16/08/2018	4,64	4,71	4,50	4,69
15/08/2018	4,71	4,80	4,58	4,64
14/08/2018	4,65	4,76	4,57	4,72
13/08/2018	4,46	4,71	4,40	4,65
10/08/2018	4,57	4,57	4,41	4,46
09/08/2018	4,55	4,69	4,44	4,62
08/08/2018	4,47	4,60	4,47	4,51
07/08/2018	4,44	4,51	4,36	4,43
06/08/2018	4,50	4,52	4,43	4,44
03/08/2018	4,51	4,54	4,46	4,54
02/08/2018	4,41	4,51	4,41	4,49
01/08/2018	4,47	4,55	4,40	4,44
31/07/2018	4,58	4,62	4,47	4,51
30/07/2018	4,70	4,70	4,63	4,63
27/07/2018	4,70	4,73	4,60	4,72
26/07/2018	4,72	4,73	4,62	4,67
25/07/2018	4,71	4,76	4,69	4,76
24/07/2018	4,69	4,71	4,62	4,71
23/07/2018	4,77	4,78	4,56	4,68
20/07/2018	4,51	4,74	4,49	4,72
19/07/2018	4,49	4,49	4,39	4,47
18/07/2018	4,60	4,60	4,49	4,54
17/07/2018	4,51	4,63	4,47	4,58
16/07/2018	4,54	4,58	4,50	4,54
13/07/2018	4,53	4,53	4,50	4,53
12/07/2018	4,47	4,56	4,40	4,52
11/07/2018	4,22	4,46	4,22	4,40
10/07/2018	4,31	4,34	4,26	4,26
06/07/2018	4,15	4,30	4,14	4,28
05/07/2018	4,22	4,24	4,11	4,17
04/07/2018	4,24	4,30	4,22	4,24
03/07/2018	4,16	4,28	4,16	4,24
02/07/2018	4,16	4,21	4,04	4,16
29/06/2018	4,24	4,30	4,05	4,22
28/06/2018	4,17	4,29	4,16	4,22
27/06/2018	4,10	4,22	4,08	4,22
26/06/2018	4,15	4,20	4,06	4,10
25/06/2018	4,12	4,21	4,07	4,16
22/06/2018	4,14	4,14	4,03	4,13
21/06/2018	4,08	4,10	4,01	4,05
20/06/2018	4,11	4,13	3,99	4,10
19/06/2018	3,92	4,10	3,92	4,07
18/06/2018	4,01	4,05	3,96	3,99
15/06/2018	4,05	4,09	4,03	4,03
14/06/2018	4,10	4,11	4,04	4,10
13/06/2018	4,12	4,17	4,07	4,11
12/06/2018	4,23	4,23	4,08	4,14
11/06/2018	4,18	4,24	3,79	4,18
08/06/2018	4,26	4,29	4,17	4,19
07/06/2018	4,33	4,34	4,13	4,19
06/06/2018	4,43	4,45	4,35	4,35
05/06/2018	4,47	4,51	4,35	4,46
04/06/2018	4,52	4,55	4,47	4,50
01/06/2018	4,49	4,51	4,41	4,49
30/05/2018	4,41	4,55	4,41	4,43
29/05/2018	4,40	4,55	4,33	4,42
28/05/2018	4,59	4,59	4,30	4,38
25/05/2018	4,61	4,66	4,51	4,58
24/05/2018	4,61	4,67	4,57	4,63
23/05/2018	4,73	4,74	4,65	4,65
22/05/2018	4,71	4,89	4,68	4,73
21/05/2018	4,71	4,76	4,65	4,67
18/05/2018	4,73	4,76	4,56	4,66
17/05/2018	4,81	4,82	4,72	4,75
16/05/2018	4,80	4,85	4,79	4,83
15/05/2018	4,80	4,83	4,76	4,79
14/05/2018	4,81	4,88	4,59	4,88
11/05/2018	4,86	4,90	4,79	4,84
10/05/2018	4,87	4,90	4,83	4,87
09/05/2018	4,81	4,90	4,79	4,84
08/05/2018	4,82	4,88	4,81	4,81
07/05/2018	4,82	4,85	4,79	4,83
04/05/2018	4,87	4,97	4,76	4,83
03/05/2018	4,97	5,04	4,80	4,86
02/05/2018	5,10	5,12	4,97	4,97
30/04/2018	5,10	5,22	5,08	5,10
27/04/2018	5,08	5,23	5,06	5,15
26/04/2018	5,17	5,22	5,13	5,14
25/04/2018	4,98	5,18	4,98	5,14
24/04/2018	5,09	5,13	4,99	5,01
23/04/2018	5,06	5,22	5,04	5,04
20/04/2018	5,19	5,23	5,06	5,08
19/04/2018	5,16	5,18	5,06	5,16
18/04/2018	5,18	5,22	5,05	5,12
17/04/2018	5,11	5,19	5,08	5,14
16/04/2018	5,10	5,12	5,04	5,12
13/04/2018	5,16	5,16	5,08	5,13
12/04/2018	5,22	5,22	5,13	5,18
11/04/2018	5,19	5,24	5,19	5,23
10/04/2018	5,18	5,24	5,11	5,24
09/04/2018	5,22	5,24	5,05	5,20
06/04/2018	5,19	5,24	5,19	5,21
05/04/2018	5,26	5,26	5,21	5,24
04/04/2018	5,22	5,24	5,18	5,24
03/04/2018	5,19	5,24	5,18	5,24
02/04/2018	5,16	5,24	5,16	5,20
29/03/2018	5,19	5,24	5,09	5,24
28/03/2018	5,15	5,22	5,09	5,19
27/03/2018	5,17	5,18	5,05	5,15
26/03/2018	5,12	5,18	5,09	5,17
23/03/2018	5,06	5,12	4,98	5,08
22/03/2018	5,05	5,14	4,97	5,06
21/03/2018	5,07	5,12	4,69	5,09
20/03/2018	5,12	5,12	5,02	5,11
19/03/2018	5,07	5,17	4,98	5,13
16/03/2018	5,02	5,06	4,90	5,06
15/03/2018	4,97	5,00	4,89	4,97
14/03/2018	5,13	5,13	4,99	5,01
13/03/2018	5,20	5,22	5,11	5,15
12/03/2018	5,20	5,23	5,13	5,23
09/03/2018	5,24	5,24	5,15	5,23
08/03/2018	5,23	5,24	5,17	5,22
07/03/2018	5,11	5,31	5,01	5,15
06/03/2018	5,13	5,17	5,01	5,09
05/03/2018	5,11	5,16	5,01	5,12
02/03/2018	5,20	5,23	4,86	5,15
01/03/2018	5,27	5,29	5,11	5,24
28/02/2018	5,24	5,30	5,18	5,25
27/02/2018	5,29	5,41	5,23	5,30
26/02/2018	5,27	5,29	5,17	5,27
23/02/2018	5,25	5,26	5,14	5,26
22/02/2018	5,20	5,27	5,17	5,22
21/02/2018	5,14	5,24	5,13	5,20
20/02/2018	5,06	5,20	5,06	5,14
19/02/2018	5,08	5,18	5,08	5,16
16/02/2018	5,15	5,21	5,09	5,15
15/02/2018	5,16	5,21	4,99	5,16
14/02/2018	4,86	5,11	4,86	5,09
09/02/2018	4,92	4,97	4,79	4,86
08/02/2018	4,97	5,19	4,87	4,93
07/02/2018	4,69	5,08	4,69	4,93
06/02/2018	4,75	4,80	4,57	4,72
05/02/2018	4,82	4,89	4,70	4,78
02/02/2018	4,82	4,88	4,73	4,79
01/02/2018	4,85	4,97	4,76	4,82
31/01/2018	4,72	4,96	4,72	4,82
30/01/2018	4,98	4,98	4,81	4,81
29/01/2018	5,01	5,01	4,93	4,96
26/01/2018	4,89	5,01	4,83	5,01
24/01/2018	4,81	4,97	4,75	4,88
23/01/2018	4,72	4,85	4,62	4,79
22/01/2018	4,59	4,78	4,55	4,72
19/01/2018	4,47	4,67	4,44	4,60
18/01/2018	4,42	4,57	4,38	4,49
17/01/2018	4,31	4,44	4,26	4,44
16/01/2018	4,33	4,33	4,24	4,30
15/01/2018	4,28	4,33	4,27	4,33
12/01/2018	4,27	4,31	4,22	4,27
11/01/2018	4,31	4,31	4,23	4,26
10/01/2018	4,31	4,32	4,27	4,27
09/01/2018	4,34	4,35	4,29	4,30
08/01/2018	4,28	4,35	4,28	4,33
05/01/2018	4,26	4,28	4,22	4,28
04/01/2018	4,24	4,29	4,23	4,23
03/01/2018	4,24	4,26	4,13	4,22
02/01/2018	4,22	4,30	4,12	4,18
28/12/2017	4,18	4,20	4,18	4,20
27/12/2017	4,24	4,24	4,18	4,20
26/12/2017	4,21	4,23	4,18	4,19
22/12/2017	4,26	4,31	4,18	4,20
21/12/2017	4,24	4,31	4,18	4,26
20/12/2017	4,27	4,33	4,20	4,22
19/12/2017	4,34	4,37	4,25	4,29
18/12/2017	4,20	4,40	4,15	4,31
15/12/2017	4,24	4,28	4,15	4,17
14/12/2017	4,22	4,28	4,14	4,19
13/12/2017	4,28	4,30	4,23	4,24
12/12/2017	4,32	4,34	4,17	4,27
11/12/2017	4,42	4,44	4,26	4,32
08/12/2017	4,40	4,46	4,31	4,42
07/12/2017	4,29	4,46	4,23	4,37
06/12/2017	4,28	4,37	4,21	4,34
05/12/2017	4,31	4,41	4,21	4,31
04/12/2017	4,20	4,31	4,16	4,29
01/12/2017	4,20	4,27	4,10	4,20
30/11/2017	4,20	4,28	4,10	4,20
29/11/2017	4,27	4,31	4,12	4,23
28/11/2017	4,24	4,36	4,22	4,24
27/11/2017	4,32	4,32	4,18	4,30
24/11/2017	4,33	4,41	4,25	4,31
23/11/2017	4,35	4,40	4,25	4,32
22/11/2017	4,42	4,51	4,33	4,33
21/11/2017	4,51	4,64	4,36	4,40
17/11/2017	4,32	4,48	4,32	4,46
16/11/2017	4,31	4,46	4,28	4,33
14/11/2017	4,42	4,46	4,14	4,32
13/11/2017	4,41	4,43	4,34	4,42
10/11/2017	4,42	4,57	4,20	4,40
09/11/2017	4,42	4,53	4,35	4,35
08/11/2017	4,47	4,49	4,40	4,42
07/11/2017	4,47	4,55	4,39	4,50
06/11/2017	4,51	4,60	4,44	4,51
03/11/2017	4,61	4,61	4,43	4,53
01/11/2017	4,86	4,86	4,64	4,64
31/10/2017	4,80	4,92	4,71	4,86
30/10/2017	4,91	4,91	4,79	4,81
27/10/2017	4,88	4,96	4,85	4,91
26/10/2017	4,93	4,95	4,84	4,91
25/10/2017	4,91	5,08	4,85	4,95
24/10/2017	4,93	5,01	4,82	4,93
23/10/2017	4,78	5,01	4,67	4,93
20/10/2017	4,80	4,84	4,76	4,82
19/10/2017	4,66	4,84	4,64	4,75
18/10/2017	4,52	4,70	4,51	4,66
17/10/2017	4,49	4,58	4,45	4,53
16/10/2017	4,31	4,50	4,28	4,47
13/10/2017	4,28	4,33	4,22	4,28
11/10/2017	4,24	4,26	4,19	4,26
10/10/2017	4,23	4,26	4,20	4,22
09/10/2017	4,25	4,25	4,10	4,22
06/10/2017	4,23	4,28	4,13	4,26
05/10/2017	4,09	4,24	4,07	4,22
04/10/2017	4,13	4,16	4,00	4,11
03/10/2017	4,12	4,22	4,11	4,13
02/10/2017	4,20	4,24	4,07	4,11
29/09/2017	4,18	4,24	4,09	4,17
28/09/2017	4,22	4,24	4,15	4,18
27/09/2017	4,22	4,24	4,11	4,22
26/09/2017	4,20	4,24	4,17	4,20
25/09/2017	4,24	4,24	4,14	4,20
22/09/2017	4,23	4,24	4,14	4,20
21/09/2017	4,20	4,24	4,14	4,23
20/09/2017	4,19	4,25	4,16	4,20
19/09/2017	4,17	4,18	4,13	4,17
18/09/2017	4,28	4,28	4,13	4,18
15/09/2017	4,22	4,26	4,13	4,20
14/09/2017	4,21	4,29	4,17	4,24
13/09/2017	4,11	4,24	4,07	4,20
12/09/2017	4,24	4,24	4,15	4,15
11/09/2017	4,22	4,24	4,15	4,24
08/09/2017	4,26	4,26	4,09	4,22
06/09/2017	4,18	4,26	4,14	4,16
05/09/2017	4,24	4,24	4,10	4,18
04/09/2017	3,87	4,19	3,80	4,18
01/09/2017	3,76	3,97	3,60	3,91
31/08/2017	3,60	3,65	3,53	3,61
30/08/2017	3,56	3,71	3,56	3,63
29/08/2017	3,54	3,69	3,54	3,65
28/08/2017	3,48	3,68	3,48	3,55
25/08/2017	3,52	3,57	3,49	3,51
24/08/2017	3,34	3,55	3,34	3,48
23/08/2017	3,42	3,49	3,38	3,45
22/08/2017	3,22	3,54	3,22	3,38
21/08/2017	3,32	3,53	3,31	3,34
18/08/2017	3,19	3,25	3,19	3,20
17/08/2017	3,23	3,24	3,18	3,24
16/08/2017	3,24	3,27	3,23	3,23
15/08/2017	3,20	3,22	3,19	3,19
14/08/2017	3,16	3,21	3,11	3,20
11/08/2017	3,23	3,25	3,11	3,25
10/08/2017	3,30	3,30	3,25	3,26
09/08/2017	3,35	3,35	3,32	3,33
08/08/2017	3,42	3,42	3,40	3,42
07/08/2017	3,40	3,40	3,39	3,39
04/08/2017	3,37	3,40	3,36	3,36
03/08/2017	3,37	3,37	3,31	3,34
02/08/2017	3,31	3,35	3,24	3,32
28/07/2017	3,36	3,36	3,36	3,36
27/07/2017	3,36	3,36	3,36	3,36
25/07/2017	3,38	3,42	3,36	3,36
24/07/2017	3,43	3,43	3,43	3,43
21/07/2017	3,43	3,43	3,37	3,43
20/07/2017	3,47	3,47	3,44	3,44
19/07/2017	3,50	3,56	3,45	3,45
18/07/2017	3,65	3,65	3,50	3,51
17/07/2017	3,50	3,50	3,38	3,38
12/07/2017	3,38	3,38	3,38	3,38
07/07/2017	3,25	3,25	3,25	3,25
06/07/2017	3,34	3,34	3,23	3,23
05/07/2017	3,30	3,33	3,30	3,33
04/07/2017	3,19	3,19	3,19	3,19
30/06/2017	3,08	3,08	3,00	3,07
29/06/2017	2,94	2,98	2,94	2,98
28/06/2017	2,98	2,98	2,98	2,98
27/06/2017	2,97	2,98	2,91	2,91
26/06/2017	2,85	2,97	2,85	2,97
23/06/2017	2,85	2,87	2,85	2,86
22/06/2017	2,68	2,68	2,68	2,68
21/06/2017	2,87	2,87	2,87	2,87
20/06/2017	2,91	2,97	2,87	2,96
14/06/2017	2,97	2,99	2,87	2,87
13/06/2017	2,86	2,86	2,86	2,86
08/06/2017	2,97	2,97	2,93	2,93
06/06/2017	3,03	3,03	3,03	3,03
05/06/2017	3,11	3,11	2,98	2,98
02/06/2017	2,98	2,98	2,98	2,98
01/06/2017	3,01	3,01	2,98	2,98
31/05/2017	3,23	3,24	3,01	3,01
30/05/2017	3,30	3,30	3,19	3,24
29/05/2017	3,40	3,40	3,30	3,30
26/05/2017	3,34	3,34	3,34	3,34
25/05/2017	3,45	3,45	3,35	3,35
24/05/2017	3,57	3,67	3,35	3,35
23/05/2017	3,57	3,64	3,47	3,47
22/05/2017	3,47	3,57	3,47	3,57
19/05/2017	3,74	3,74	3,66	3,69
18/05/2017	3,85	3,85	3,47	3,57
17/05/2017	3,96	4,00	3,91	4,00
16/05/2017	4,00	4,00	4,00	4,00
12/05/2017	4,04	4,04	3,87	4,04
11/05/2017	3,99	4,04	3,99	4,04
10/05/2017	3,99	4,12	3,99	3,99
09/05/2017	3,96	3,99	3,90	3,99
08/05/2017	3,83	3,96	3,83	3,96
05/05/2017	3,94	3,96	3,89	3,96
04/05/2017	3,98	3,98	3,87	3,94
03/05/2017	3,96	4,04	3,88	4,04
02/05/2017	3,83	3,89	3,77	3,89
26/04/2017	3,83	3,83	3,83	3,83
24/04/2017	3,83	3,83	3,79	3,79
20/04/2017	3,63	3,82	3,63	3,72
19/04/2017	3,75	3,91	3,62	3,72
18/04/2017	3,91	3,91	3,81	3,83
17/04/2017	3,70	3,96	3,70	3,91
13/04/2017	3,96	3,96	3,85	3,92
12/04/2017	3,94	4,06	3,94	4,06
11/04/2017	4,04	4,04	3,94	3,98
10/04/2017	3,98	4,10	3,98	4,04
07/04/2017	4,02	4,05	4,01	4,05
06/04/2017	4,05	4,08	3,94	3,94
05/04/2017	4,09	4,22	4,09	4,17
04/04/2017	4,02	4,23	4,02	4,23
03/04/2017	4,02	4,10	3,98	4,10
31/03/2017	4,00	4,06	4,00	4,04
30/03/2017	3,99	4,05	3,94	4,02
29/03/2017	4,00	4,04	3,96	4,00
28/03/2017	3,82	3,98	3,82	3,98
27/03/2017	3,81	3,81	3,79	3,79
24/03/2017	3,81	3,89	3,80	3,80
23/03/2017	3,87	3,95	3,81	3,81
22/03/2017	3,79	3,96	3,79	3,95
21/03/2017	3,72	3,72	3,62	3,62
20/03/2017	3,89	3,89	3,72	3,72
17/03/2017	3,94	4,02	3,94	3,96
16/03/2017	3,94	4,04	3,94	3,96
15/03/2017	3,94	3,97	3,94	3,97
14/03/2017	4,00	4,04	3,94	3,95
13/03/2017	3,91	3,91	3,91	3,91
10/03/2017	3,85	4,04	3,83	3,98
09/03/2017	3,81	4,04	3,75	4,04
08/03/2017	3,88	4,04	3,80	3,94
07/03/2017	3,85	4,04	3,85	3,91
06/03/2017	4,00	4,15	3,94	4,08
03/03/2017	4,04	4,04	3,94	3,99
01/03/2017	3,87	3,87	3,82	3,82
24/02/2017	3,87	3,87	3,87	3,87
17/02/2017	3,83	3,83	3,83	3,83
16/02/2017	3,83	3,83	3,72	3,72
