Data	Abertura	Máxima	Mínima	Fechamento
01/06/2022	4,83	4,92	4,81	4,85
31/05/2022	4,78	4,91	4,78	4,83
30/05/2022	4,75	4,79	4,71	4,76
27/05/2022	4,72	4,84	4,69	4,73
26/05/2022	4,58	4,70	4,58	4,67
25/05/2022	4,62	4,66	4,59	4,60
24/05/2022	4,51	4,67	4,47	4,62
23/05/2022	4,71	4,80	4,62	4,64
20/05/2022	4,56	4,70	4,55	4,61
19/05/2022	4,11	4,48	4,10	4,45
18/05/2022	4,24	4,24	4,08	4,08
17/05/2022	4,41	4,45	4,27	4,27
16/05/2022	4,38	4,39	4,27	4,32
13/05/2022	4,25	4,38	4,21	4,34
12/05/2022	4,26	4,26	4,14	4,19
11/05/2022	4,33	4,48	4,29	4,33
10/05/2022	4,58	4,65	4,28	4,28
09/05/2022	4,69	4,69	4,56	4,61
06/05/2022	4,87	4,90	4,74	4,76
05/05/2022	5,15	5,20	4,86	4,89
04/05/2022	5,01	5,30	4,95	5,24
03/05/2022	4,88	5,12	4,83	5,04
02/05/2022	4,81	4,87	4,69	4,84
29/04/2022	4,80	4,93	4,70	4,74
28/04/2022	4,78	4,81	4,66	4,74
27/04/2022	4,75	4,80	4,69	4,71
26/04/2022	4,87	4,89	4,62	4,62
25/04/2022	4,80	4,89	4,75	4,87
22/04/2022	5,02	5,08	4,90	4,92
20/04/2022	5,26	5,28	5,07	5,08
19/04/2022	5,25	5,31	5,21	5,30
18/04/2022	5,27	5,33	5,21	5,30
14/04/2022	5,30	5,33	5,26	5,31
13/04/2022	5,27	5,42	5,27	5,34
12/04/2022	5,45	5,45	5,23	5,29
11/04/2022	5,24	5,40	5,21	5,35
08/04/2022	5,33	5,35	5,21	5,31
07/04/2022	5,32	5,40	5,29	5,36
06/04/2022	5,44	5,44	5,31	5,39
05/04/2022	5,63	5,63	5,42	5,43
04/04/2022	5,59	5,74	5,57	5,65
01/04/2022	5,55	5,67	5,54	5,58
31/03/2022	5,59	5,63	5,50	5,50
30/03/2022	5,56	5,72	5,52	5,57
29/03/2022	5,61	5,64	5,48	5,50
28/03/2022	5,65	5,67	5,53	5,55
25/03/2022	5,61	5,74	5,59	5,61
24/03/2022	5,59	5,63	5,51	5,60
23/03/2022	5,68	5,74	5,57	5,57
22/03/2022	5,60	5,77	5,59	5,68
21/03/2022	5,59	5,68	5,54	5,62
18/03/2022	5,27	5,60	5,24	5,60
17/03/2022	5,23	5,31	5,19	5,24
16/03/2022	5,47	5,49	5,11	5,17
15/03/2022	5,46	5,46	5,17	5,21
14/03/2022	5,79	5,88	5,48	5,51
11/03/2022	5,96	6,14	5,87	5,87
10/03/2022	5,93	6,08	5,76	5,93
09/03/2022	5,93	6,19	5,87	6,12
08/03/2022	6,24	6,29	5,95	5,95
07/03/2022	6,21	6,38	6,12	6,18
04/03/2022	6,04	6,16	5,94	6,14
03/03/2022	5,96	6,19	5,96	6,04
02/03/2022	5,85	5,94	5,75	5,91
25/02/2022	5,47	5,69	5,47	5,65
24/02/2022	5,33	5,58	5,27	5,54
23/02/2022	5,70	5,79	5,59	5,59
22/02/2022	5,68	5,75	5,64	5,71
21/02/2022	5,83	5,88	5,58	5,63
18/02/2022	5,92	5,92	5,73	5,74
17/02/2022	5,99	6,01	5,81	5,82
16/02/2022	6,08	6,18	6,02	6,05
15/02/2022	5,96	6,10	5,94	6,06
14/02/2022	5,97	6,13	5,95	6,08
11/02/2022	6,26	6,29	6,02	6,02
10/02/2022	6,42	6,52	6,24	6,26
09/02/2022	6,45	6,47	6,27	6,33
08/02/2022	6,50	6,57	6,42	6,45
07/02/2022	6,53	6,62	6,47	6,49
04/02/2022	6,53	6,57	6,37	6,49
03/02/2022	6,54	6,58	6,45	6,53
02/02/2022	6,57	6,72	6,52	6,54
01/02/2022	6,35	6,62	6,35	6,56
31/01/2022	6,50	6,51	6,34	6,36
28/01/2022	6,64	6,64	6,47	6,52
27/01/2022	6,66	6,74	6,45	6,49
26/01/2022	6,66	6,86	6,58	6,59
25/01/2022	6,38	6,66	6,33	6,59
24/01/2022	6,45	6,46	6,30	6,38
21/01/2022	6,55	6,71	6,54	6,55
20/01/2022	6,68	6,82	6,58	6,58
19/01/2022	6,76	6,84	6,63	6,66
18/01/2022	6,41	6,63	6,35	6,56
17/01/2022	6,50	6,56	6,41	6,42
14/01/2022	6,52	6,59	6,45	6,55
13/01/2022	6,60	6,71	6,51	6,53
12/01/2022	6,54	6,78	6,41	6,66
11/01/2022	6,37	6,56	6,35	6,38
10/01/2022	6,28	6,41	6,10	6,37
07/01/2022	6,28	6,50	6,17	6,36
06/01/2022	6,48	6,55	6,17	6,22
05/01/2022	6,79	6,82	6,28	6,35
04/01/2022	6,48	6,92	6,46	6,88
03/01/2022	6,23	6,53	6,01	6,43
30/12/2021	6,03	6,35	6,00	6,14
29/12/2021	5,85	6,01	5,80	5,93
28/12/2021	6,00	6,00	5,80	5,88
27/12/2021	5,92	6,10	5,90	6,03
23/12/2021	6,01	6,03	5,83	5,98
22/12/2021	6,23	6,23	5,98	5,98
21/12/2021	6,20	6,32	6,08	6,24
20/12/2021	6,33	6,36	6,07	6,07
17/12/2021	6,21	6,54	6,15	6,50
16/12/2021	6,33	6,36	6,01	6,24
15/12/2021	6,07	6,17	5,86	6,12
14/12/2021	6,20	6,32	6,01	6,07
13/12/2021	6,21	6,49	6,18	6,19
10/12/2021	6,09	6,27	5,93	6,03
09/12/2021	5,82	6,13	5,80	6,10
08/12/2021	5,90	6,05	5,75	5,86
07/12/2021	5,85	6,08	5,80	5,90
06/12/2021	5,50	5,70	5,42	5,64
03/12/2021	5,45	5,70	5,41	5,43
02/12/2021	5,32	5,54	5,32	5,49
01/12/2021	5,47	5,58	5,28	5,28
30/11/2021	5,37	5,50	5,30	5,38
29/11/2021	5,61	5,63	5,38	5,38
26/11/2021	5,35	5,50	5,21	5,41
25/11/2021	5,63	5,70	5,54	5,59
24/11/2021	5,54	5,68	5,48	5,61
23/11/2021	5,63	5,85	5,44	5,48
22/11/2021	5,50	5,64	5,38	5,38
19/11/2021	5,17	5,44	5,17	5,35
18/11/2021	5,26	5,26	5,13	5,14
17/11/2021	5,38	5,49	5,24	5,25
16/11/2021	5,49	5,54	5,30	5,32
12/11/2021	5,50	5,83	5,45	5,51
11/11/2021	5,33	5,67	5,28	5,54
10/11/2021	5,14	5,27	5,02	5,03
09/11/2021	5,17	5,41	5,12	5,19
08/11/2021	5,09	5,27	5,03	5,23
05/11/2021	4,69	5,00	4,66	4,99
04/11/2021	4,52	4,84	4,48	4,71
03/11/2021	4,80	4,83	4,64	4,70
01/11/2021	4,76	4,88	4,72	4,85
29/10/2021	4,96	5,03	4,71	4,75
28/10/2021	5,09	5,17	4,96	4,96
27/10/2021	5,29	5,33	5,10	5,12
26/10/2021	5,41	5,44	5,15	5,22
25/10/2021	5,51	5,53	5,35	5,41
22/10/2021	5,36	5,52	5,32	5,45
21/10/2021	5,38	5,46	5,27	5,42
20/10/2021	5,84	5,87	5,54	5,54
19/10/2021	5,95	6,00	5,79	5,81
18/10/2021	5,92	6,12	5,81	6,05
15/10/2021	5,53	6,01	5,52	5,99
14/10/2021	5,62	5,65	5,47	5,51
13/10/2021	5,72	5,74	5,50	5,59
11/10/2021	5,81	5,93	5,65	5,80
08/10/2021	5,63	5,75	5,58	5,62
07/10/2021	5,61	5,63	5,48	5,50
06/10/2021	5,46	5,61	5,42	5,54
05/10/2021	5,64	5,76	5,54	5,57
04/10/2021	5,90	5,91	5,63	5,63
01/10/2021	5,76	5,90	5,66	5,88
30/09/2021	5,68	5,95	5,62	5,74
29/09/2021	5,43	5,57	5,31	5,54
28/09/2021	5,54	5,54	5,30	5,33
27/09/2021	5,43	5,74	5,36	5,65
24/09/2021	5,39	5,42	5,26	5,32
23/09/2021	5,40	5,54	5,29	5,37
22/09/2021	5,55	5,59	5,33	5,40
21/09/2021	5,24	5,34	5,15	5,26
20/09/2021	5,05	5,21	4,90	5,14
17/09/2021	5,41	5,48	5,26	5,37
16/09/2021	5,67	5,67	5,44	5,47
15/09/2021	5,94	5,94	5,72	5,72
14/09/2021	6,12	6,13	5,94	5,94
13/09/2021	6,09	6,14	6,01	6,10
10/09/2021	6,23	6,27	5,99	6,04
09/09/2021	6,09	6,14	5,90	5,99
08/09/2021	6,25	6,28	6,09	6,09
06/09/2021	6,13	6,37	6,13	6,34
03/09/2021	6,30	6,53	6,18	6,26
02/09/2021	6,36	6,39	6,13	6,13
01/09/2021	6,34	6,45	6,19	6,32
31/08/2021	6,73	6,73	6,42	6,42
30/08/2021	6,62	6,82	6,60	6,80
27/08/2021	6,45	6,71	6,45	6,62
26/08/2021	6,60	6,64	6,36	6,36
25/08/2021	6,67	6,80	6,55	6,57
24/08/2021	6,17	6,70	6,17	6,67
23/08/2021	6,18	6,25	5,99	6,02
20/08/2021	6,30	6,51	6,14	6,14
19/08/2021	6,12	6,39	6,04	6,30
18/08/2021	6,42	6,57	6,32	6,32
17/08/2021	6,95	6,99	6,43	6,52
16/08/2021	7,25	7,25	6,70	7,00
13/08/2021	7,46	7,46	7,14	7,25
12/08/2021	7,46	7,48	7,32	7,42
11/08/2021	7,54	7,55	7,44	7,46
10/08/2021	7,53	7,64	7,48	7,49
09/08/2021	7,57	7,60	7,42	7,53
06/08/2021	7,71	7,74	7,64	7,66
05/08/2021	7,84	7,88	7,64	7,66
04/08/2021	7,92	7,96	7,80	7,89
03/08/2021	8,09	8,10	7,73	7,85
02/08/2021	8,10	8,20	8,01	8,07
30/07/2021	8,13	8,20	7,96	8,00
29/07/2021	8,01	8,26	7,98	8,24
28/07/2021	8,08	8,08	7,85	7,92
27/07/2021	8,01	8,02	7,80	7,97
26/07/2021	7,86	8,04	7,83	8,00
23/07/2021	7,87	7,88	7,80	7,86
22/07/2021	7,81	7,88	7,75	7,88
21/07/2021	7,86	7,94	7,83	7,83
20/07/2021	7,85	7,91	7,79	7,88
19/07/2021	7,87	7,87	7,74	7,85
16/07/2021	7,98	7,98	7,88	7,91
15/07/2021	7,93	8,00	7,91	7,91
14/07/2021	7,95	8,01	7,92	7,94
13/07/2021	7,96	8,02	7,90	7,93
12/07/2021	7,96	8,02	7,88	7,96
08/07/2021	7,89	7,94	7,61	7,87
07/07/2021	8,00	8,00	7,90	7,94
06/07/2021	7,96	8,04	7,91	7,95
05/07/2021	8,04	8,05	7,94	7,97
02/07/2021	7,93	8,01	7,93	7,93
01/07/2021	7,99	8,03	7,87	7,91
30/06/2021	8,04	8,07	7,92	7,96
29/06/2021	8,07	8,15	8,01	8,07
28/06/2021	8,14	8,15	7,95	8,08
25/06/2021	8,17	8,20	8,11	8,13
24/06/2021	8,18	8,24	8,09	8,15
23/06/2021	8,20	8,22	8,11	8,14
22/06/2021	8,18	8,20	8,10	8,16
21/06/2021	8,02	8,20	7,84	8,20
18/06/2021	8,13	8,21	8,07	8,21
17/06/2021	8,23	8,24	8,05	8,11
16/06/2021	8,35	8,37	8,18	8,23
15/06/2021	8,42	8,43	8,28	8,40
14/06/2021	8,46	8,60	8,38	8,43
11/06/2021	8,35	8,44	8,31	8,44
10/06/2021	8,21	8,27	8,13	8,27
09/06/2021	8,16	8,20	8,08	8,20
08/06/2021	8,14	8,22	8,02	8,09
07/06/2021	8,19	8,19	7,95	8,15
04/06/2021	8,34	8,41	8,18	8,22
02/06/2021	8,34	8,42	8,24	8,40
01/06/2021	8,33	8,36	8,21	8,34
31/05/2021	8,20	8,26	8,08	8,16
28/05/2021	8,13	8,20	8,00	8,10
27/05/2021	7,93	8,11	7,93	8,01
26/05/2021	7,86	7,97	7,74	7,87
25/05/2021	8,07	8,17	7,87	7,93
24/05/2021	7,94	8,04	7,85	8,03
21/05/2021	8,07	8,08	7,91	8,02
20/05/2021	8,21	8,25	8,09	8,12
19/05/2021	8,34	8,34	8,10	8,18
18/05/2021	8,50	8,67	8,36	8,49
17/05/2021	8,34	8,55	8,33	8,39
14/05/2021	8,43	8,53	8,26	8,29
13/05/2021	8,69	8,82	8,44	8,58
12/05/2021	8,91	9,10	8,73	8,73
11/05/2021	9,17	9,47	8,97	9,47
10/05/2021	9,56	9,62	9,05	9,23
07/05/2021	9,26	9,43	9,13	9,23
06/05/2021	8,95	9,13	8,86	9,13
05/05/2021	8,86	8,93	8,61	8,78
04/05/2021	8,89	8,94	8,53	8,80
03/05/2021	9,16	9,20	8,84	8,86
30/04/2021	9,30	9,30	9,07	9,07
29/04/2021	9,43	9,69	9,10	9,34
28/04/2021	8,97	9,26	8,95	9,22
27/04/2021	8,63	8,99	8,60	8,86
26/04/2021	8,57	8,67	8,50	8,58
23/04/2021	8,43	8,53	8,37	8,43
22/04/2021	8,49	8,51	8,25	8,35
20/04/2021	8,47	8,71	8,35	8,35
19/04/2021	8,37	8,46	8,32	8,41
16/04/2021	8,38	8,50	8,19	8,28
15/04/2021	8,24	8,45	8,24	8,38
14/04/2021	8,10	8,20	8,04	8,19
13/04/2021	8,16	8,17	8,05	8,11
12/04/2021	8,11	8,22	8,06	8,16
09/04/2021	8,04	8,16	7,92	8,10
08/04/2021	8,12	8,22	8,04	8,04
07/04/2021	8,08	8,11	8,01	8,11
06/04/2021	7,97	8,10	7,97	8,00
05/04/2021	7,94	8,04	7,93	7,96
01/04/2021	8,04	8,15	7,80	7,83
31/03/2021	7,83	8,00	7,83	7,95
30/03/2021	7,91	8,16	7,78	7,80
29/03/2021	7,23	7,96	7,23	7,93
26/03/2021	7,31	7,35	7,19	7,23
25/03/2021	7,35	7,39	7,18	7,18
24/03/2021	7,25	7,27	7,19	7,23
23/03/2021	7,26	7,30	7,13	7,20
22/03/2021	7,30	7,33	7,19	7,26
19/03/2021	7,38	7,38	7,26	7,38
18/03/2021	7,44	7,49	7,28	7,34
17/03/2021	7,36	7,55	7,31	7,45
16/03/2021	7,34	7,48	7,33	7,35
15/03/2021	7,31	7,38	7,23	7,34
12/03/2021	7,32	7,36	7,23	7,34
11/03/2021	7,31	7,55	7,19	7,35
10/03/2021	7,35	7,35	7,09	7,26
09/03/2021	7,31	7,34	7,14	7,33
08/03/2021	7,26	7,37	7,22	7,36
05/03/2021	7,26	7,39	7,18	7,36
04/03/2021	7,36	7,39	7,00	7,31
03/03/2021	7,70	7,70	7,07	7,34
02/03/2021	7,76	7,83	7,36	7,61
01/03/2021	7,83	7,86	7,63	7,74
26/02/2021	7,91	7,93	7,70	7,72
25/02/2021	7,94	8,03	7,78	7,78
24/02/2021	7,92	8,03	7,84	7,91
23/02/2021	8,22	8,30	7,87	7,89
22/02/2021	7,71	8,04	7,50	8,03
19/02/2021	7,87	8,09	7,81	7,83
18/02/2021	7,87	8,55	7,65	7,78
