Data	Abertura	Máxima	Mínima	Fechamento
01/06/2022	19,35	19,40	18,74	18,74
31/05/2022	19,57	19,73	19,23	19,35
30/05/2022	19,65	19,74	19,39	19,41
27/05/2022	19,94	19,94	19,49	19,56
26/05/2022	19,61	19,92	19,61	19,79
25/05/2022	19,67	19,77	19,36	19,59
24/05/2022	19,33	19,92	19,33	19,83
23/05/2022	19,95	20,00	19,38	19,49
20/05/2022	19,76	19,84	19,39	19,77
19/05/2022	19,06	19,70	18,92	19,53
18/05/2022	19,66	19,75	19,00	19,05
17/05/2022	19,53	19,85	19,37	19,74
16/05/2022	19,23	19,52	19,19	19,36
13/05/2022	19,62	19,70	19,21	19,29
12/05/2022	19,11	19,57	19,04	19,52
11/05/2022	19,37	19,38	19,03	19,18
10/05/2022	19,25	19,53	18,93	19,32
09/05/2022	18,77	19,14	18,47	19,07
06/05/2022	20,20	20,20	18,75	18,87
05/05/2022	20,26	20,42	19,79	20,30
04/05/2022	20,26	20,58	19,96	20,48
03/05/2022	20,40	20,49	20,09	20,27
02/05/2022	20,41	20,76	19,88	20,45
29/04/2022	21,15	21,15	20,38	20,57
28/04/2022	20,90	21,16	20,80	20,96
27/04/2022	21,20	21,20	20,76	21,05
26/04/2022	21,16	21,42	20,83	20,94
25/04/2022	21,28	21,46	20,99	21,38
22/04/2022	21,40	21,65	21,19	21,36
20/04/2022	22,10	22,29	21,61	21,73
19/04/2022	22,53	22,53	21,83	22,04
18/04/2022	22,98	23,16	22,90	23,03
14/04/2022	23,21	23,35	22,88	23,09
13/04/2022	23,44	23,68	23,17	23,25
12/04/2022	23,71	24,16	23,28	23,34
11/04/2022	23,07	23,99	23,06	23,54
08/04/2022	23,13	23,41	22,87	23,28
07/04/2022	23,21	23,56	23,10	23,23
06/04/2022	23,39	23,48	23,02	23,34
05/04/2022	23,29	23,50	22,94	23,39
04/04/2022	22,40	23,24	22,40	23,15
01/04/2022	22,58	23,04	22,08	22,51
31/03/2022	22,18	22,59	22,13	22,50
30/03/2022	21,90	22,24	21,56	22,18
29/03/2022	22,65	22,67	21,83	21,83
28/03/2022	22,78	22,89	21,98	22,18
25/03/2022	21,84	22,82	21,80	22,69
24/03/2022	21,68	21,97	21,40	21,97
23/03/2022	21,47	21,86	21,31	21,56
22/03/2022	20,99	21,71	20,97	21,56
21/03/2022	20,83	20,93	20,38	20,93
18/03/2022	19,78	20,87	19,55	20,85
17/03/2022	19,70	19,94	19,28	19,94
16/03/2022	19,69	19,90	19,21	19,78
15/03/2022	19,37	19,74	19,25	19,66
14/03/2022	19,38	19,70	19,27	19,53
11/03/2022	19,64	19,81	19,20	19,38
10/03/2022	19,25	19,66	18,84	19,50
09/03/2022	18,91	19,60	18,78	19,48
08/03/2022	19,19	19,33	18,65	18,91
07/03/2022	19,32	19,45	19,00	19,16
04/03/2022	20,10	20,10	19,23	19,66
03/03/2022	19,77	20,18	19,60	20,16
02/03/2022	19,03	19,90	19,02	19,90
25/02/2022	18,13	19,03	18,05	19,03
24/02/2022	17,65	18,28	17,36	18,28
23/02/2022	18,04	18,08	17,76	17,90
22/02/2022	17,46	18,19	17,28	18,19
21/02/2022	17,34	17,39	17,08	17,34
18/02/2022	17,20	17,53	17,03	17,38
17/02/2022	16,65	17,51	16,65	17,09
16/02/2022	16,27	17,41	16,19	16,83
15/02/2022	16,37	16,46	15,95	15,99
14/02/2022	16,60	16,96	16,23	16,28
11/02/2022	16,82	16,95	16,59	16,63
10/02/2022	16,40	16,73	16,38	16,73
09/02/2022	16,01	16,58	15,99	16,38
08/02/2022	15,74	15,92	15,59	15,85
07/02/2022	15,87	16,03	15,65	15,90
04/02/2022	16,45	16,45	15,51	15,79
03/02/2022	16,52	16,84	16,42	16,43
02/02/2022	16,61	16,78	16,34	16,55
01/02/2022	16,65	16,73	16,37	16,60
31/01/2022	16,48	16,73	16,29	16,65
28/01/2022	16,41	16,74	16,29	16,52
27/01/2022	15,79	16,56	15,65	16,53
26/01/2022	15,49	15,84	15,25	15,64
25/01/2022	14,98	15,48	14,83	15,45
24/01/2022	14,83	15,01	14,61	14,94
21/01/2022	14,63	14,86	14,51	14,86
20/01/2022	15,12	15,16	14,51	14,64
19/01/2022	14,66	15,06	14,56	15,03
18/01/2022	14,48	14,67	14,19	14,60
17/01/2022	14,32	14,63	14,28	14,48
14/01/2022	14,19	14,39	13,87	14,39
13/01/2022	14,48	14,54	14,01	14,19
12/01/2022	14,20	14,53	14,05	14,48
11/01/2022	13,97	14,25	13,97	14,23
10/01/2022	13,88	14,33	13,72	14,05
07/01/2022	14,18	14,29	13,93	13,95
06/01/2022	14,06	14,73	13,97	14,26
05/01/2022	14,16	14,53	13,95	13,95
04/01/2022	14,31	14,38	14,15	14,27
03/01/2022	15,16	15,18	14,25	14,31
30/12/2021	14,98	15,29	14,88	15,24
29/12/2021	15,23	15,23	14,83	14,91
28/12/2021	15,47	15,51	15,06	15,20
27/12/2021	15,36	15,56	15,30	15,46
23/12/2021	15,24	15,41	15,11	15,38
22/12/2021	15,31	15,32	14,82	15,29
21/12/2021	15,50	15,54	15,17	15,31
20/12/2021	15,72	15,85	15,34	15,50
17/12/2021	15,80	15,93	15,67	15,80
16/12/2021	15,60	16,08	15,60	15,97
15/12/2021	15,31	15,67	15,27	15,54
14/12/2021	15,28	15,61	15,07	15,22
13/12/2021	15,55	15,61	15,25	15,25
10/12/2021	14,89	15,63	14,88	15,54
09/12/2021	14,85	14,86	14,48	14,80
08/12/2021	14,92	15,03	14,68	14,92
07/12/2021	15,29	15,31	14,69	14,84
06/12/2021	14,85	15,18	14,84	15,08
03/12/2021	14,98	15,31	14,68	14,77
02/12/2021	15,18	15,24	14,72	14,96
01/12/2021	15,43	15,54	14,88	15,02
30/11/2021	15,49	15,61	15,17	15,32
29/11/2021	15,87	15,88	15,53	15,53
26/11/2021	15,99	16,02	15,61	15,65
25/11/2021	16,09	16,50	16,08	16,32
24/11/2021	15,92	16,27	15,79	16,08
23/11/2021	15,88	16,00	15,50	16,00
22/11/2021	16,12	16,30	15,69	15,79
19/11/2021	15,96	16,39	15,91	16,13
18/11/2021	16,18	16,36	15,80	15,99
17/11/2021	16,54	16,58	15,98	16,16
16/11/2021	17,10	17,17	16,31	16,47
12/11/2021	16,46	17,10	16,33	16,94
11/11/2021	16,60	16,63	16,35	16,42
10/11/2021	16,93	17,14	16,33	16,48
09/11/2021	16,64	17,38	16,64	17,11
08/11/2021	16,29	16,89	16,26	16,62
05/11/2021	16,69	16,84	16,29	16,40
04/11/2021	16,85	16,97	16,27	16,57
03/11/2021	16,83	17,25	16,70	16,90
01/11/2021	16,43	16,98	16,36	16,87
29/10/2021	16,78	16,81	16,25	16,25
28/10/2021	16,71	16,95	16,53	16,69
27/10/2021	16,72	17,10	16,72	16,83
26/10/2021	16,51	17,01	16,50	16,76
25/10/2021	16,53	16,92	16,38	16,73
22/10/2021	16,45	16,80	16,03	16,43
21/10/2021	16,95	17,01	16,28	16,63
20/10/2021	17,77	17,79	17,12	17,19
19/10/2021	18,16	18,20	17,47	17,64
18/10/2021	18,11	18,41	17,97	18,29
15/10/2021	17,59	18,41	17,54	18,21
14/10/2021	17,93	17,97	17,50	17,57
13/10/2021	17,46	17,94	17,46	17,88
11/10/2021	17,64	18,00	17,42	17,55
08/10/2021	17,56	17,79	17,42	17,66
07/10/2021	17,60	17,73	17,38	17,41
06/10/2021	17,44	17,75	17,26	17,75
05/10/2021	17,22	17,77	17,07	17,63
04/10/2021	17,22	17,27	16,97	17,20
01/10/2021	17,35	17,40	17,01	17,33
30/09/2021	17,09	17,46	16,87	17,34
29/09/2021	17,24	17,32	16,89	17,01
28/09/2021	17,17	17,37	16,97	17,20
27/09/2021	17,79	17,92	17,02	17,24
24/09/2021	17,75	18,14	17,52	17,72
23/09/2021	17,76	17,90	17,65	17,90
22/09/2021	17,85	17,92	17,65	17,73
21/09/2021	17,60	17,86	17,43	17,67
20/09/2021	17,56	17,92	17,47	17,56
17/09/2021	17,67	17,98	17,48	17,78
16/09/2021	18,01	18,23	17,65	17,71
15/09/2021	18,22	18,22	17,85	18,14
14/09/2021	18,37	18,45	18,09	18,23
13/09/2021	18,15	18,54	18,01	18,30
10/09/2021	18,13	18,32	17,83	17,98
09/09/2021	17,40	18,16	17,32	18,06
08/09/2021	18,30	18,40	17,38	17,49
06/09/2021	17,88	18,34	17,81	18,33
03/09/2021	17,79	17,93	17,62	17,89
02/09/2021	17,70	17,87	17,50	17,72
01/09/2021	17,71	17,95	17,44	17,75
31/08/2021	18,27	18,34	17,62	17,72
30/08/2021	18,21	18,29	18,06	18,25
27/08/2021	18,06	18,31	17,97	18,31
26/08/2021	18,31	18,47	18,01	18,01
25/08/2021	18,28	18,45	18,08	18,44
24/08/2021	18,51	18,51	18,25	18,42
23/08/2021	18,75	18,75	18,04	18,35
20/08/2021	18,28	18,75	18,24	18,75
19/08/2021	17,51	18,51	17,45	18,43
18/08/2021	17,63	17,85	17,42	17,67
17/08/2021	18,04	18,09	17,45	17,68
16/08/2021	18,24	18,39	17,94	18,12
13/08/2021	18,55	18,55	18,20	18,39
12/08/2021	18,42	18,70	18,29	18,50
11/08/2021	18,34	18,65	18,27	18,52
10/08/2021	18,52	18,55	18,21	18,38
09/08/2021	18,72	18,92	18,45	18,50
06/08/2021	18,41	18,77	18,27	18,70
05/08/2021	18,65	18,66	18,19	18,41
04/08/2021	18,61	18,73	18,32	18,61
03/08/2021	18,39	18,67	18,23	18,67
02/08/2021	18,53	18,75	18,30	18,42
30/07/2021	18,60	18,87	18,17	18,54
29/07/2021	19,04	19,04	18,59	18,78
28/07/2021	19,25	19,29	18,74	19,08
27/07/2021	19,43	19,61	19,11	19,33
26/07/2021	19,29	19,53	19,04	19,41
23/07/2021	19,53	19,62	19,15	19,24
22/07/2021	19,60	19,75	19,45	19,53
21/07/2021	19,73	19,77	19,52	19,59
20/07/2021	19,80	19,87	19,63	19,71
19/07/2021	20,02	20,10	19,62	19,80
16/07/2021	20,29	20,32	20,04	20,16
15/07/2021	20,40	20,48	20,05	20,18
14/07/2021	20,36	20,61	20,09	20,47
13/07/2021	20,02	20,22	19,87	20,20
12/07/2021	20,26	20,32	19,78	20,06
08/07/2021	20,08	20,32	19,93	20,28
07/07/2021	20,28	20,52	20,13	20,40
06/07/2021	20,46	20,49	19,97	20,15
05/07/2021	20,73	20,79	20,50	20,51
02/07/2021	20,48	20,89	20,17	20,81
01/07/2021	20,45	20,50	20,10	20,40
30/06/2021	20,51	20,72	20,35	20,50
29/06/2021	20,87	20,89	20,29	20,65
28/06/2021	20,88	20,98	20,60	20,91
25/06/2021	21,20	21,20	20,75	20,88
24/06/2021	20,88	21,21	20,81	21,12
23/06/2021	20,84	20,92	20,62	20,78
22/06/2021	21,12	21,13	20,49	20,96
21/06/2021	21,48	21,70	21,13	21,14
18/06/2021	21,31	21,56	20,87	21,56
17/06/2021	21,44	21,58	21,11	21,29
16/06/2021	21,89	21,92	21,29	21,48
15/06/2021	22,04	22,05	21,81	21,84
14/06/2021	22,17	22,21	21,78	21,99
11/06/2021	23,00	23,00	22,02	22,04
10/06/2021	22,28	23,19	22,20	22,95
09/06/2021	22,05	22,47	22,05	22,23
08/06/2021	22,44	22,64	21,99	22,22
07/06/2021	22,25	22,62	22,06	22,41
04/06/2021	22,20	22,30	22,03	22,18
02/06/2021	21,84	22,32	21,81	22,21
01/06/2021	21,90	21,94	21,60	21,81
31/05/2021	21,32	21,80	21,13	21,80
28/05/2021	21,07	21,57	20,90	21,32
27/05/2021	21,03	21,82	21,03	21,07
26/05/2021	20,97	21,05	20,53	20,92
25/05/2021	21,18	21,30	20,66	20,84
24/05/2021	20,67	21,36	20,53	21,11
21/05/2021	20,06	20,68	20,06	20,63
20/05/2021	19,92	20,21	19,84	20,12
19/05/2021	19,75	20,28	19,71	19,89
18/05/2021	19,72	20,03	19,54	19,94
17/05/2021	20,01	20,11	19,67	19,75
14/05/2021	20,38	20,38	19,87	20,01
13/05/2021	19,90	20,35	19,78	20,16
12/05/2021	20,61	20,61	19,75	19,83
11/05/2021	20,48	20,92	20,40	20,92
10/05/2021	21,31	21,31	20,53	20,80
07/05/2021	20,64	21,01	20,37	20,91
06/05/2021	21,07	21,09	20,50	20,53
05/05/2021	20,57	21,09	20,39	21,07
04/05/2021	20,70	20,78	20,37	20,56
03/05/2021	21,13	21,26	20,55	20,70
30/04/2021	21,39	21,57	21,03	21,13
29/04/2021	21,32	21,58	21,19	21,58
28/04/2021	21,18	21,42	21,11	21,32
27/04/2021	21,49	21,54	21,02	21,15
26/04/2021	22,00	22,07	21,25	21,49
23/04/2021	21,76	22,02	21,61	21,98
22/04/2021	22,45	22,45	21,58	21,61
20/04/2021	21,78	22,58	21,77	22,31
19/04/2021	22,15	22,23	21,51	21,60
16/04/2021	21,92	22,19	21,89	22,19
15/04/2021	21,81	22,04	21,69	22,04
14/04/2021	22,12	22,20	21,55	21,73
13/04/2021	22,19	22,26	21,91	22,03
12/04/2021	22,11	22,27	21,91	22,20
09/04/2021	22,39	22,65	21,91	22,11
08/04/2021	22,25	22,60	22,08	22,60
07/04/2021	22,29	22,52	21,95	22,25
06/04/2021	22,49	22,56	22,08	22,37
05/04/2021	22,06	22,64	21,99	22,64
01/04/2021	22,28	22,30	21,66	21,83
31/03/2021	21,87	22,31	21,50	22,22
30/03/2021	21,21	21,93	21,21	21,90
29/03/2021	21,14	21,46	21,07	21,36
26/03/2021	21,08	21,48	21,01	21,26
25/03/2021	20,77	21,39	20,63	21,19
24/03/2021	20,95	21,44	20,43	20,79
23/03/2021	18,29	18,74	18,16	18,44
22/03/2021	18,20	18,55	18,20	18,44
19/03/2021	18,13	18,44	18,01	18,39
18/03/2021	18,16	18,27	17,92	18,03
17/03/2021	18,04	18,40	17,92	18,31
16/03/2021	18,24	18,26	17,94	18,07
15/03/2021	18,37	18,37	18,06	18,25
12/03/2021	18,30	18,40	18,04	18,40
11/03/2021	18,37	18,55	17,95	18,44
10/03/2021	18,23	18,37	17,72	18,32
09/03/2021	17,90	18,20	17,82	18,20
08/03/2021	18,51	18,55	17,77	17,98
05/03/2021	18,72	18,79	18,12	18,75
04/03/2021	18,18	18,86	18,02	18,57
03/03/2021	17,96	18,21	17,42	17,98
02/03/2021	18,05	18,20	17,58	18,10
01/03/2021	18,29	18,56	18,01	18,24
26/02/2021	18,92	18,95	18,11	18,19
25/02/2021	18,86	19,26	18,67	18,86
24/02/2021	19,56	19,62	18,83	18,95
23/02/2021	19,38	19,83	19,26	19,46
22/02/2021	19,26	19,61	19,20	19,38
19/02/2021	19,67	20,02	19,55	19,77
18/02/2021	19,52	19,80	19,24	19,71
17/02/2021	19,30	19,35	18,98	19,26
12/02/2021	19,36	19,40	19,12	19,28
11/02/2021	18,71	19,53	18,71	19,41
10/02/2021	18,66	18,85	18,49	18,57
09/02/2021	18,73	18,95	18,57	18,65
08/02/2021	18,68	19,01	18,57	18,83
05/02/2021	18,63	18,85	18,57	18,68
04/02/2021	18,75	18,96	18,46	18,56
03/02/2021	18,68	18,99	18,64	18,79
02/02/2021	18,81	19,01	18,53	18,64
01/02/2021	18,36	18,70	18,21	18,60
29/01/2021	18,54	18,66	18,19	18,22
28/01/2021	18,41	18,79	18,32	18,64
27/01/2021	18,37	18,77	18,36	18,45
26/01/2021	18,22	18,79	18,13	18,42
22/01/2021	18,19	18,31	18,07	18,22
21/01/2021	18,78	18,95	18,28	18,33
20/01/2021	19,13	19,31	18,70	18,70
19/01/2021	19,28	19,43	18,93	19,08
18/01/2021	18,70	19,31	18,60	19,14
15/01/2021	19,23	19,57	19,05	19,42
14/01/2021	19,37	19,90	19,15	19,68
13/01/2021	20,63	20,99	19,30	19,48
12/01/2021	18,23	19,28	18,06	19,28
11/01/2021	18,56	18,83	18,10	18,18
08/01/2021	18,08	18,79	17,98	18,66
07/01/2021	18,14	18,16	17,74	18,00
06/01/2021	18,18	18,34	17,90	18,08
05/01/2021	18,23	18,35	17,99	18,20
04/01/2021	18,59	18,65	18,20	18,33
30/12/2020	18,77	18,91	18,50	18,56
29/12/2020	18,68	18,88	18,57	18,76
28/12/2020	18,45	18,67	18,30	18,63
23/12/2020	18,38	18,46	18,23	18,39
22/12/2020	18,24	18,38	18,16	18,36
21/12/2020	18,39	18,54	18,13	18,15
18/12/2020	19,02	19,05	18,58	18,64
17/12/2020	19,02	19,11	18,79	19,02
16/12/2020	18,92	19,01	18,67	18,95
15/12/2020	18,76	19,04	18,57	18,94
14/12/2020	18,85	18,99	18,61	18,61
11/12/2020	18,28	18,84	18,25	18,74
10/12/2020	18,52	18,53	18,09	18,28
09/12/2020	18,32	18,69	18,24	18,44
08/12/2020	18,26	18,60	18,20	18,42
07/12/2020	18,57	18,81	18,20	18,25
04/12/2020	18,71	18,84	18,48	18,56
03/12/2020	18,67	18,82	18,53	18,60
02/12/2020	19,04	19,20	18,57	18,57
01/12/2020	19,23	19,23	18,71	18,99
30/11/2020	18,58	19,24	18,58	19,24
27/11/2020	18,61	18,80	18,54	18,57
26/11/2020	18,22	18,67	18,14	18,63
25/11/2020	18,42	18,64	18,12	18,23
24/11/2020	18,58	18,60	18,21	18,37
23/11/2020	19,01	19,25	18,13	18,47
20/11/2020	19,20	19,76	18,96	19,51
19/11/2020	19,14	19,48	18,97	19,42
18/11/2020	19,04	19,19	18,89	19,14
17/11/2020	18,82	19,14	18,73	19,03
16/11/2020	18,71	18,98	18,43	18,93
13/11/2020	18,28	18,63	18,10	18,57
12/11/2020	18,47	18,55	17,95	18,19
11/11/2020	19,07	19,26	18,20	18,37
10/11/2020	19,12	19,12	18,48	18,79
09/11/2020	19,56	19,60	18,92	19,07
06/11/2020	18,42	19,13	18,28	18,99
05/11/2020	18,46	18,54	18,01	18,54
04/11/2020	18,02	18,23	17,74	18,23
03/11/2020	17,86	17,93	17,46	17,92
30/10/2020	18,34	18,35	17,39	17,66
29/10/2020	18,74	18,91	18,20	18,37
28/10/2020	19,41	19,56	18,57	18,85
27/10/2020	19,40	19,59	19,26	19,26
26/10/2020	19,22	19,55	19,16	19,38
23/10/2020	19,47	19,50	19,21	19,28
22/10/2020	19,65	19,72	19,45	19,57
21/10/2020	19,75	19,81	19,52	19,62
20/10/2020	19,57	19,81	19,31	19,81
19/10/2020	19,89	20,03	19,24	19,51
16/10/2020	19,78	20,01	19,59	19,85
15/10/2020	19,91	19,91	19,63	19,81
14/10/2020	20,05	20,13	19,82	20,08
13/10/2020	19,97	20,04	19,60	19,99
09/10/2020	20,00	20,41	19,69	19,97
08/10/2020	19,62	20,02	19,53	19,96
07/10/2020	19,71	19,92	19,37	19,61
06/10/2020	19,75	19,90	19,51	19,75
05/10/2020	19,50	19,71	19,22	19,64
02/10/2020	19,71	19,90	19,24	19,48
01/10/2020	19,58	19,86	19,11	19,83
30/09/2020	19,29	19,67	19,11	19,61
29/09/2020	19,29	19,50	19,01	19,20
28/09/2020	20,22	20,22	19,13	19,36
25/09/2020	19,98	20,24	19,69	19,99
24/09/2020	19,70	20,38	19,58	20,16
23/09/2020	20,24	20,37	19,54	19,62
22/09/2020	20,04	20,85	20,04	20,41
21/09/2020	19,97	20,38	19,75	20,12
18/09/2020	20,45	20,51	20,00	20,27
17/09/2020	19,98	20,60	19,90	20,56
16/09/2020	20,05	20,26	19,85	20,14
15/09/2020	19,78	20,15	19,56	20,02
14/09/2020	19,68	19,85	19,52	19,69
11/09/2020	19,55	19,72	19,09	19,60
10/09/2020	20,50	20,96	19,43	19,67
09/09/2020	19,97	20,26	19,83	19,97
08/09/2020	19,51	20,08	19,44	19,88
04/09/2020	19,97	19,97	19,49	19,73
03/09/2020	19,62	20,32	19,58	19,86
02/09/2020	19,62	19,86	19,32	19,64
01/09/2020	18,79	19,33	18,70	19,33
31/08/2020	18,78	18,90	18,57	18,71
28/08/2020	18,57	18,92	18,44	18,92
27/08/2020	18,43	18,63	18,12	18,57
26/08/2020	18,80	18,85	18,15	18,37
25/08/2020	18,53	18,95	18,48	18,95
24/08/2020	18,48	18,58	18,18	18,53
21/08/2020	18,65	18,73	18,33	18,36
20/08/2020	18,18	18,80	18,01	18,80
19/08/2020	19,03	19,03	18,56	18,60
18/08/2020	18,77	19,02	18,39	19,00
17/08/2020	19,12	19,15	18,26	18,65
14/08/2020	18,81	19,12	18,63	19,12
13/08/2020	19,31	19,48	18,72	18,72
12/08/2020	19,76	19,77	18,80	19,24
11/08/2020	20,19	20,24	19,39	19,74
10/08/2020	20,16	20,30	19,56	20,17
07/08/2020	20,00	20,38	19,81	20,12
06/08/2020	20,26	20,32	19,73	20,17
05/08/2020	20,61	21,02	20,10	20,26
04/08/2020	20,66	20,81	20,11	20,45
03/08/2020	21,27	21,40	20,58	20,75
31/07/2020	21,53	21,56	21,10	21,25
30/07/2020	20,83	21,62	20,80	21,44
29/07/2020	21,43	21,58	21,00	21,12
28/07/2020	21,81	22,15	21,05	21,30
27/07/2020	19,73	20,34	19,63	20,22
24/07/2020	19,31	19,73	19,17	19,53
23/07/2020	19,69	19,88	19,22	19,41
22/07/2020	19,79	19,90	19,31	19,74
21/07/2020	19,31	19,79	19,18	19,79
20/07/2020	19,10	19,33	18,86	19,25
17/07/2020	18,61	19,26	18,54	19,14
16/07/2020	18,60	18,70	18,20	18,41
15/07/2020	18,93	18,94	18,59	18,62
14/07/2020	18,72	18,94	18,66	18,83
13/07/2020	19,19	19,19	18,72	18,79
10/07/2020	19,12	19,19	18,71	19,12
09/07/2020	19,65	19,83	18,97	19,08
08/07/2020	18,99	19,60	18,95	19,60
07/07/2020	18,97	19,24	18,66	18,84
06/07/2020	19,45	19,45	18,99	18,99
03/07/2020	18,91	19,25	18,85	19,12
02/07/2020	19,45	19,46	18,73	19,05
01/07/2020	18,72	19,49	18,68	18,88
30/06/2020	18,70	19,03	18,58	18,70
29/06/2020	18,57	18,96	18,45	18,78
26/06/2020	19,10	19,22	18,34	18,46
25/06/2020	18,51	19,24	18,41	18,94
24/06/2020	18,59	18,78	18,34	18,59
23/06/2020	18,52	18,68	18,26	18,68
22/06/2020	18,93	18,93	18,23	18,37
19/06/2020	18,27	18,81	18,20	18,76
18/06/2020	17,94	18,31	17,80	18,14
17/06/2020	18,30	18,39	17,71	18,03
16/06/2020	17,66	18,26	17,59	17,99
15/06/2020	17,33	17,68	17,12	17,33
12/06/2020	16,75	17,54	16,57	17,52
10/06/2020	17,60	17,60	17,02	17,05
09/06/2020	17,17	17,88	17,09	17,39
08/06/2020	17,36	17,50	16,86	17,42
05/06/2020	17,89	17,96	17,28	17,28
04/06/2020	17,86	18,01	17,52	17,52
03/06/2020	17,85	18,18	17,53	17,85
02/06/2020	17,50	17,86	17,34	17,70
01/06/2020	17,43	17,61	17,20	17,42
29/05/2020	16,80	17,51	16,67	17,51
28/05/2020	17,42	17,73	16,96	17,02
27/05/2020	16,94	17,49	16,66	17,49
26/05/2020	17,23	17,32	16,48	16,84
25/05/2020	17,04	17,14	16,66	17,03
22/05/2020	16,71	17,35	16,58	16,67
21/05/2020	16,57	16,98	16,41	16,85
20/05/2020	16,31	16,64	16,19	16,47
19/05/2020	16,26	16,30	15,84	16,21
18/05/2020	16,88	16,90	15,95	16,26
15/05/2020	16,86	16,98	16,33	16,45
14/05/2020	17,07	17,07	16,31	16,94
13/05/2020	17,51	17,60	16,94	17,15
12/05/2020	18,34	18,38	17,28	17,55
11/05/2020	18,69	18,82	18,28	18,34
08/05/2020	18,88	18,88	18,39	18,69
07/05/2020	18,84	19,14	18,26	18,57
06/05/2020	18,79	18,92	18,55	18,82
05/05/2020	19,10	19,28	18,54	18,80
04/05/2020	18,42	19,09	18,14	18,97
30/04/2020	18,84	19,17	18,71	18,93
29/04/2020	18,98	19,14	18,50	19,12
28/04/2020	19,52	19,74	18,56	18,76
27/04/2020	19,39	19,45	18,89	19,05
24/04/2020	19,07	19,38	17,80	18,92
23/04/2020	19,91	20,16	19,36	19,50
22/04/2020	19,09	19,90	19,02	19,83
20/04/2020	18,80	19,58	18,75	19,02
17/04/2020	19,64	19,71	19,02	19,31
16/04/2020	19,20	19,43	18,65	19,43
15/04/2020	18,92	19,10	18,77	18,85
14/04/2020	19,87	20,22	19,19	19,22
13/04/2020	18,93	19,59	18,65	19,59
09/04/2020	19,82	19,95	18,91	18,93
08/04/2020	19,75	20,07	19,29	19,73
07/04/2020	20,90	21,01	19,74	19,74
06/04/2020	20,44	20,73	19,72	20,13
03/04/2020	20,44	20,68	18,81	20,05
02/04/2020	18,74	20,32	18,67	20,32
01/04/2020	19,14	19,16	18,11	18,67
31/03/2020	20,34	20,43	19,14	19,53
30/03/2020	19,88	20,65	19,53	20,43
27/03/2020	19,52	21,38	19,37	20,11
26/03/2020	19,88	20,56	18,96	20,44
25/03/2020	20,54	21,01	19,40	19,73
24/03/2020	22,29	22,54	20,41	20,63
23/03/2020	21,77	22,58	19,60	21,22
20/03/2020	21,48	22,68	18,87	21,58
19/03/2020	18,93	21,36	17,66	20,59
18/03/2020	17,29	19,76	16,04	19,11
17/03/2020	16,88	19,59	16,53	18,74
16/03/2020	16,94	17,32	16,34	16,66
13/03/2020	18,08	18,49	16,34	18,29
12/03/2020	17,83	17,83	16,16	17,04
11/03/2020	19,40	20,38	17,47	19,35
10/03/2020	19,65	20,77	19,08	20,02
09/03/2020	19,36	19,48	18,62	19,16
06/03/2020	19,27	20,29	19,12	20,18
05/03/2020	21,01	21,03	19,83	20,14
04/03/2020	21,02	21,74	20,83	21,11
03/03/2020	19,97	21,29	19,94	20,73
02/03/2020	19,35	20,37	19,20	20,35
28/02/2020	18,56	19,58	18,17	19,58
27/02/2020	19,13	19,61	18,56	18,56
26/02/2020	19,08	19,98	19,06	19,36
21/02/2020	20,26	20,52	19,97	20,35
20/02/2020	20,63	20,63	20,04	20,32
19/02/2020	20,68	20,99	20,49	20,63
18/02/2020	21,14	21,14	20,62	20,86
17/02/2020	21,77	21,77	21,05	21,20
14/02/2020	20,63	20,97	20,43	20,49
13/02/2020	20,82	21,32	20,79	20,84
12/02/2020	20,97	21,39	20,78	20,96
11/02/2020	21,05	21,24	20,57	20,87
10/02/2020	21,42	21,57	20,89	20,97
07/02/2020	21,15	21,94	21,08	21,33
06/02/2020	21,99	21,99	20,85	21,41
05/02/2020	22,20	22,26	21,47	21,71
04/02/2020	21,72	22,04	21,28	21,85
03/02/2020	21,49	21,79	21,33	21,34
31/01/2020	21,58	21,83	20,99	21,38
30/01/2020	22,10	22,15	21,51	21,88
29/01/2020	22,15	22,39	21,88	22,34
28/01/2020	21,49	22,14	21,48	22,14
27/01/2020	21,93	22,15	21,14	21,45
24/01/2020	22,47	22,66	22,06	22,39
23/01/2020	22,63	23,01	22,20	22,48
22/01/2020	21,83	22,03	21,70	22,03
21/01/2020	22,31	22,42	21,74	21,74
20/01/2020	22,20	22,30	22,10	22,28
17/01/2020	22,20	22,33	21,92	22,14
16/01/2020	21,67	22,21	21,50	22,19
15/01/2020	22,05	22,06	21,63	21,63
14/01/2020	22,20	22,37	21,79	22,15
13/01/2020	22,39	22,90	22,18	22,18
10/01/2020	22,36	22,56	22,04	22,38
09/01/2020	21,72	22,25	21,62	22,15
08/01/2020	22,03	22,09	21,64	21,67
07/01/2020	22,11	22,52	21,89	22,09
06/01/2020	22,94	23,20	22,14	22,22
03/01/2020	22,55	23,44	22,35	23,24
02/01/2020	22,18	22,67	21,89	22,65
30/12/2019	22,09	22,38	21,83	22,10
27/12/2019	22,19	22,20	21,49	22,05
26/12/2019	21,88	22,24	21,78	22,10
23/12/2019	21,68	21,99	21,46	21,99
20/12/2019	21,29	21,79	21,01	21,77
19/12/2019	20,87	21,32	20,60	21,14
18/12/2019	20,40	21,33	19,98	21,12
17/12/2019	20,03	20,35	19,72	20,32
16/12/2019	19,73	20,06	19,60	19,90
13/12/2019	20,02	20,11	19,48	19,69
12/12/2019	19,12	20,23	19,00	19,86
11/12/2019	18,45	19,00	18,32	19,00
10/12/2019	18,60	18,65	18,35	18,49
09/12/2019	18,65	19,01	18,46	18,59
06/12/2019	17,99	18,83	17,92	18,67
05/12/2019	17,91	18,13	17,76	18,07
04/12/2019	18,10	18,26	17,76	17,96
03/12/2019	17,73	18,06	17,35	17,97
02/12/2019	17,84	17,86	17,55	17,79
29/11/2019	17,84	17,92	17,60	17,80
28/11/2019	17,48	18,08	17,42	17,71
27/11/2019	17,54	17,78	17,43	17,44
26/11/2019	17,89	17,91	17,49	17,52
25/11/2019	17,70	17,95	17,49	17,88
22/11/2019	17,92	18,05	17,53	17,71
21/11/2019	17,52	17,93	17,29	17,85
19/11/2019	17,89	17,98	17,43	17,43
18/11/2019	17,46	17,91	17,29	17,78
14/11/2019	17,07	17,38	16,96	17,20
13/11/2019	17,25	17,43	17,02	17,06
12/11/2019	17,79	17,79	17,24	17,42
11/11/2019	17,71	17,80	17,43	17,79
08/11/2019	17,99	18,18	17,68	17,86
07/11/2019	18,21	18,22	17,91	18,14
06/11/2019	18,24	18,26	18,02	18,06
05/11/2019	18,45	18,49	18,04	18,23
04/11/2019	18,46	18,55	18,27	18,45
01/11/2019	18,14	18,60	18,01	18,48
31/10/2019	18,20	18,33	17,95	18,09
30/10/2019	18,09	18,26	18,01	18,17
29/10/2019	18,50	18,50	18,10	18,14
28/10/2019	18,59	18,64	18,28	18,45
25/10/2019	18,55	18,69	18,26	18,65
24/10/2019	18,27	18,68	17,80	18,51
23/10/2019	18,60	18,60	18,10	18,19
22/10/2019	18,93	19,00	18,43	18,53
21/10/2019	18,48	18,99	18,36	18,84
18/10/2019	18,60	18,64	18,33	18,64
17/10/2019	18,41	18,63	18,30	18,49
16/10/2019	18,38	18,43	18,09	18,43
15/10/2019	18,29	18,51	18,14	18,36
14/10/2019	18,12	18,32	18,06	18,29
11/10/2019	17,98	18,43	17,85	18,33
10/10/2019	18,24	18,34	17,84	17,89
09/10/2019	18,34	18,46	18,06	18,18
08/10/2019	18,90	18,90	18,01	18,16
07/10/2019	19,44	19,44	18,57	18,91
04/10/2019	19,28	19,51	19,06	19,37
03/10/2019	19,33	19,41	18,92	19,12
02/10/2019	19,54	19,69	19,20	19,31
01/10/2019	19,95	20,05	19,54	19,54
30/09/2019	20,08	20,30	19,92	19,92
27/09/2019	20,26	20,44	19,98	20,11
26/09/2019	20,12	20,40	20,01	20,28
25/09/2019	19,99	20,07	19,70	20,07
24/09/2019	20,29	20,40	19,83	20,13
23/09/2019	21,06	21,06	20,25	20,25
20/09/2019	20,90	21,13	20,61	21,01
19/09/2019	20,78	21,20	20,63	20,86
18/09/2019	20,63	20,77	20,36	20,61
17/09/2019	20,04	20,68	19,95	20,68
16/09/2019	20,12	20,23	19,88	20,01
13/09/2019	20,44	20,54	19,98	19,98
12/09/2019	20,87	21,05	20,24	20,38
11/09/2019	20,07	20,77	19,82	20,63
10/09/2019	19,59	20,02	19,43	19,97
09/09/2019	20,48	20,65	19,63	19,63
06/09/2019	20,87	20,90	20,32	20,40
05/09/2019	21,08	21,22	20,62	20,69
04/09/2019	21,14	21,24	20,60	20,92
03/09/2019	21,10	21,38	20,82	20,96
02/09/2019	21,32	21,59	20,96	21,06
30/08/2019	21,27	21,38	21,00	21,11
29/08/2019	20,62	21,22	20,45	21,22
28/08/2019	20,54	20,61	20,18	20,59
27/08/2019	20,35	20,53	19,99	20,53
26/08/2019	20,63	20,74	20,02	20,17
23/08/2019	20,84	21,08	20,44	20,54
22/08/2019	21,71	21,75	20,93	21,09
21/08/2019	21,69	21,86	21,35	21,65
20/08/2019	21,18	21,81	20,79	21,55
19/08/2019	21,16	21,44	21,04	21,18
16/08/2019	20,95	21,29	20,39	21,16
15/08/2019	21,55	21,55	20,68	21,06
14/08/2019	21,74	21,75	21,18	21,24
13/08/2019	21,49	21,89	21,41	21,77
12/08/2019	21,58	21,81	21,48	21,50
09/08/2019	21,79	21,98	21,56	21,88
08/08/2019	21,71	21,93	21,61	21,64
07/08/2019	21,57	22,05	21,46	21,71
06/08/2019	21,70	21,98	21,42	21,58
05/08/2019	21,80	22,01	21,58	21,67
02/08/2019	21,65	21,95	21,35	21,95
01/08/2019	21,89	22,09	21,53	21,65
31/07/2019	21,77	22,10	21,58	21,96
30/07/2019	21,51	22,06	21,32	21,89
29/07/2019	21,48	21,57	20,86	21,51
26/07/2019	21,85	21,92	21,44	21,44
25/07/2019	21,95	22,63	21,50	21,67
24/07/2019	21,91	22,05	21,66	22,05
23/07/2019	21,53	21,78	21,33	21,78
22/07/2019	21,84	21,87	21,29	21,57
19/07/2019	21,92	22,04	21,50	21,67
18/07/2019	21,83	21,92	21,50	21,86
17/07/2019	21,40	21,69	21,40	21,60
16/07/2019	21,99	21,99	21,52	21,52
15/07/2019	21,69	22,15	21,44	21,81
12/07/2019	22,07	22,30	21,63	21,69
11/07/2019	22,13	22,13	21,72	22,02
10/07/2019	21,50	22,09	21,45	22,04
08/07/2019	21,55	21,55	21,03	21,26
05/07/2019	21,50	21,58	21,02	21,24
04/07/2019	20,57	21,67	20,57	21,50
03/07/2019	20,01	20,59	19,87	20,59
02/07/2019	20,30	20,34	19,71	20,03
01/07/2019	20,98	21,06	20,02	20,19
28/06/2019	20,50	20,72	20,35	20,64
27/06/2019	20,22	20,58	19,89	20,36
26/06/2019	20,69	20,70	20,13	20,31
25/06/2019	20,61	20,73	20,28	20,46
24/06/2019	20,55	20,88	20,48	20,74
21/06/2019	21,19	21,24	20,52	20,59
19/06/2019	21,39	21,40	20,85	21,19
18/06/2019	21,02	21,31	20,89	21,31
17/06/2019	21,17	21,25	20,93	20,93
14/06/2019	21,25	21,33	20,96	21,11
13/06/2019	21,20	21,62	21,19	21,39
12/06/2019	21,34	21,64	21,06	21,19
11/06/2019	21,77	21,93	20,96	21,69
10/06/2019	21,93	22,10	21,61	21,79
07/06/2019	21,75	22,10	21,62	21,93
06/06/2019	22,00	22,00	21,52	21,61
05/06/2019	21,68	22,12	21,62	21,73
04/06/2019	21,47	21,71	21,37	21,58
03/06/2019	21,69	21,91	21,33	21,53
31/05/2019	21,71	21,82	21,40	21,72
30/05/2019	21,01	21,76	20,97	21,75
29/05/2019	21,04	21,41	20,83	21,16
28/05/2019	20,09	21,02	19,98	21,02
27/05/2019	19,98	20,12	19,67	19,94
24/05/2019	20,02	20,02	19,50	19,75
23/05/2019	19,38	19,93	19,25	19,90
22/05/2019	19,23	19,56	19,06	19,56
21/05/2019	18,92	19,26	18,79	19,15
20/05/2019	18,55	18,92	18,46	18,81
17/05/2019	18,65	18,76	18,36	18,59
16/05/2019	18,87	18,96	18,54	18,64
15/05/2019	18,58	18,95	18,50	18,92
14/05/2019	18,40	18,77	18,35	18,77
13/05/2019	18,52	18,60	18,26	18,54
10/05/2019	19,49	19,55	18,63	18,73
09/05/2019	19,81	19,85	19,09	19,25
08/05/2019	19,55	19,97	19,47	19,85
07/05/2019	19,95	20,05	19,46	19,48
06/05/2019	19,91	20,14	19,79	19,89
03/05/2019	20,20	20,31	19,88	20,11
02/05/2019	19,80	20,20	19,65	20,04
30/04/2019	19,86	20,03	19,68	19,85
29/04/2019	20,04	20,04	19,53	19,85
26/04/2019	19,84	19,96	19,67	19,77
25/04/2019	19,40	19,81	19,20	19,72
24/04/2019	19,68	20,01	19,20	19,33
23/04/2019	19,62	19,95	19,62	19,68
22/04/2019	18,92	19,70	18,91	19,57
18/04/2019	18,60	19,00	18,59	18,92
17/04/2019	18,85	18,85	18,43	18,64
16/04/2019	18,56	18,95	18,56	18,73
15/04/2019	18,54	18,82	18,53	18,56
12/04/2019	18,48	18,80	18,26	18,35
11/04/2019	18,76	18,80	18,52	18,59
10/04/2019	18,61	19,30	18,61	18,76
09/04/2019	18,81	18,81	18,50	18,64
08/04/2019	18,77	18,95	18,54	18,87
05/04/2019	19,10	19,39	18,73	18,73
04/04/2019	18,92	19,16	18,70	18,95
03/04/2019	18,90	19,30	18,85	18,87
02/04/2019	18,97	18,99	18,66	18,85
01/04/2019	19,00	19,00	18,66	18,82
29/03/2019	18,87	19,05	18,69	18,81
28/03/2019	18,20	18,86	18,12	18,74
27/03/2019	18,86	18,87	18,26	18,31
26/03/2019	18,62	19,05	18,58	18,93
25/03/2019	18,19	18,73	18,19	18,65
22/03/2019	18,35	18,61	17,99	18,38
21/03/2019	19,01	19,18	18,46	18,53
20/03/2019	19,20	19,37	18,88	19,06
19/03/2019	19,38	19,55	19,04	19,29
18/03/2019	18,83	19,52	18,81	19,38
15/03/2019	18,73	19,01	18,72	18,92
14/03/2019	18,76	18,90	18,61	18,73
13/03/2019	18,42	18,75	18,34	18,75
12/03/2019	18,47	18,47	18,13	18,36
11/03/2019	18,03	18,47	17,98	18,34
08/03/2019	17,91	18,16	17,50	18,00
07/03/2019	18,07	18,39	17,93	17,97
06/03/2019	18,26	18,50	17,81	18,07
01/03/2019	18,28	18,58	17,86	18,04
28/02/2019	18,50	18,58	18,01	18,28
27/02/2019	19,53	19,53	18,21	18,50
26/02/2019	19,34	19,56	19,24	19,43
25/02/2019	19,13	19,54	18,97	19,34
22/02/2019	18,78	19,16	18,53	18,98
21/02/2019	18,68	19,02	18,49	18,78
20/02/2019	18,64	19,12	18,60	18,73
19/02/2019	18,50	18,65	18,36	18,59
18/02/2019	18,36	18,66	18,19	18,44
15/02/2019	18,37	18,52	18,17	18,50
14/02/2019	18,15	18,50	17,79	18,37
13/02/2019	18,21	18,26	18,01	18,07
12/02/2019	18,07	18,54	17,75	18,21
11/02/2019	18,20	18,24	17,75	17,81
08/02/2019	17,93	18,11	17,67	18,04
07/02/2019	17,95	18,14	17,79	17,91
06/02/2019	18,49	18,49	17,85	17,95
05/02/2019	18,62	18,66	18,39	18,49
04/02/2019	18,71	18,98	18,69	18,70
01/02/2019	18,94	19,01	18,51	18,66
31/01/2019	18,72	19,00	18,57	18,72
30/01/2019	18,65	18,81	18,50	18,59
29/01/2019	18,85	18,92	18,64	18,64
28/01/2019	18,53	19,12	18,44	18,70
24/01/2019	18,68	18,86	18,56	18,74
23/01/2019	18,56	18,71	18,31	18,71
22/01/2019	18,82	18,88	17,99	18,35
21/01/2019	18,64	18,88	18,43	18,76
18/01/2019	18,67	19,25	18,40	18,54
17/01/2019	18,61	18,69	18,48	18,54
16/01/2019	18,49	18,73	18,39	18,54
15/01/2019	18,33	18,45	18,20	18,45
14/01/2019	18,07	18,39	18,05	18,33
11/01/2019	18,10	18,30	17,98	18,07
10/01/2019	17,82	18,35	17,81	18,06
09/01/2019	17,48	18,15	17,48	17,90
08/01/2019	17,62	17,88	17,43	17,47
07/01/2019	17,97	18,11	17,25	17,65
04/01/2019	18,62	18,62	17,81	17,98
03/01/2019	17,53	18,58	17,53	18,50
02/01/2019	16,76	17,89	16,76	17,75
28/12/2018	16,89	17,16	16,85	16,94
27/12/2018	16,39	16,97	16,39	16,88
26/12/2018	16,86	16,86	16,36	16,45
21/12/2018	16,78	17,09	16,59	16,88
20/12/2018	16,62	16,99	16,48	16,91
19/12/2018	17,13	17,13	16,41	16,41
18/12/2018	16,86	17,17	16,70	17,00
17/12/2018	16,99	17,01	16,58	16,78
14/12/2018	16,74	17,01	16,57	16,86
13/12/2018	16,53	16,93	16,47	16,76
12/12/2018	15,77	16,72	15,77	16,54
11/12/2018	15,89	16,26	15,74	15,74
10/12/2018	15,91	16,13	15,48	15,67
07/12/2018	16,27	16,40	15,88	16,03
06/12/2018	16,11	16,27	15,94	16,20
05/12/2018	16,01	16,31	15,97	16,16
04/12/2018	16,20	16,44	15,93	16,08
03/12/2018	15,96	16,33	15,80	16,20
30/11/2018	15,64	16,20	15,63	15,83
29/11/2018	15,12	15,81	15,12	15,64
28/11/2018	15,04	15,14	14,87	15,12
27/11/2018	14,96	15,19	14,87	15,03
26/11/2018	15,22	15,26	14,89	14,89
23/11/2018	15,33	15,33	14,96	15,16
22/11/2018	15,32	15,33	15,04	15,31
21/11/2018	15,32	15,37	15,00	15,26
19/11/2018	15,26	15,60	15,18	15,37
16/11/2018	14,99	15,42	14,84	15,36
14/11/2018	14,74	15,08	14,58	14,92
13/11/2018	14,56	14,94	14,26	14,76
12/11/2018	14,50	14,73	14,19	14,45
09/11/2018	14,77	14,92	14,19	14,48
08/11/2018	15,11	15,88	15,09	15,52
07/11/2018	14,87	15,11	14,75	14,98
06/11/2018	14,56	14,89	14,43	14,89
05/11/2018	14,52	14,73	14,36	14,73
01/11/2018	13,95	14,56	13,84	14,51
31/10/2018	13,73	14,18	13,67	14,12
30/10/2018	13,46	13,84	13,37	13,77
29/10/2018	13,90	13,94	13,33	13,39
26/10/2018	13,74	13,84	13,48	13,63
25/10/2018	13,71	13,98	13,69	13,71
24/10/2018	13,99	14,10	13,69	13,71
23/10/2018	13,76	14,57	13,73	13,94
22/10/2018	13,98	14,06	13,79	13,79
19/10/2018	13,85	14,03	13,71	13,81
18/10/2018	13,61	13,85	13,49	13,83
17/10/2018	13,67	13,77	13,41	13,52
16/10/2018	13,55	13,69	13,44	13,68
15/10/2018	13,69	13,70	13,28	13,44
11/10/2018	13,97	14,11	13,41	13,48
10/10/2018	14,03	14,22	13,64	13,79
09/10/2018	13,92	14,06	13,71	14,06
08/10/2018	14,36	14,52	13,87	13,98
05/10/2018	14,09	14,12	13,82	14,08
04/10/2018	14,01	14,15	13,93	14,03
03/10/2018	14,19	14,55	13,94	14,06
02/10/2018	13,77	14,12	13,77	14,03
01/10/2018	13,71	13,93	13,58	13,68
28/09/2018	13,67	13,90	13,57	13,72
27/09/2018	13,58	13,91	13,48	13,74
26/09/2018	13,59	13,63	13,36	13,48
25/09/2018	13,34	13,73	13,26	13,59
24/09/2018	13,59	13,68	13,34	13,41
21/09/2018	13,30	13,78	13,30	13,66
20/09/2018	13,17	13,46	13,11	13,27
19/09/2018	13,33	13,33	13,05	13,09
18/09/2018	13,28	13,46	13,20	13,30
17/09/2018	13,06	13,51	13,05	13,30
14/09/2018	13,19	13,43	12,97	13,03
13/09/2018	13,42	13,46	13,13	13,23
12/09/2018	13,29	13,48	13,04	13,30
11/09/2018	13,73	13,78	13,19	13,28
10/09/2018	13,84	13,96	13,64	13,89
06/09/2018	13,60	13,93	13,44	13,84
05/09/2018	13,28	13,60	13,23	13,47
04/09/2018	13,48	13,73	13,21	13,21
03/09/2018	13,63	13,63	13,39	13,47
31/08/2018	13,52	13,70	13,27	13,47
30/08/2018	13,74	13,89	13,34	13,41
29/08/2018	13,90	14,04	13,67	13,81
28/08/2018	13,70	14,07	13,54	13,95
27/08/2018	13,55	13,71	13,33	13,71
24/08/2018	13,34	13,46	13,11	13,44
23/08/2018	13,33	13,34	13,04	13,23
22/08/2018	13,14	13,34	13,06	13,34
21/08/2018	13,26	13,33	13,12	13,12
20/08/2018	13,29	13,43	13,22	13,24
17/08/2018	13,56	13,56	13,25	13,30
16/08/2018	13,44	13,56	13,31	13,56
15/08/2018	13,57	13,68	13,32	13,39
14/08/2018	13,44	13,85	13,44	13,66
13/08/2018	13,38	13,61	13,22	13,56
10/08/2018	13,62	13,90	13,35	13,36
09/08/2018	13,87	13,94	13,56	13,64
08/08/2018	14,34	14,34	13,70	13,74
07/08/2018	14,35	14,53	14,10	14,22
06/08/2018	14,36	14,62	14,28	14,34
03/08/2018	14,37	14,52	14,09	14,41
02/08/2018	14,41	14,41	14,11	14,27
01/08/2018	14,41	14,57	14,24	14,35
31/07/2018	14,04	14,49	13,91	14,44
30/07/2018	14,32	14,37	13,99	14,04
27/07/2018	14,44	14,67	14,07	14,27
26/07/2018	14,30	14,92	14,13	14,40
25/07/2018	13,99	14,16	13,85	13,95
24/07/2018	14,11	14,30	13,73	13,90
23/07/2018	13,72	14,22	13,65	14,08
20/07/2018	13,84	13,95	13,74	13,80
19/07/2018	13,83	13,93	13,58	13,64
18/07/2018	13,61	13,83	13,52	13,83
17/07/2018	13,50	13,61	13,42	13,60
16/07/2018	13,48	13,55	13,31	13,45
13/07/2018	13,41	13,58	13,23	13,44
12/07/2018	13,57	13,84	13,30	13,36
11/07/2018	13,59	13,74	13,40	13,57
10/07/2018	13,79	13,99	13,49	13,54
06/07/2018	13,76	14,17	13,66	13,89
05/07/2018	13,79	13,87	13,66	13,87
04/07/2018	13,58	13,83	13,48	13,68
03/07/2018	13,76	13,95	13,45	13,48
02/07/2018	13,99	14,04	13,78	13,78
29/06/2018	13,76	14,08	13,72	13,98
28/06/2018	13,76	13,88	13,43	13,86
27/06/2018	13,91	13,98	13,58	13,81
26/06/2018	13,85	14,04	13,81	13,90
25/06/2018	14,01	14,21	13,81	13,84
22/06/2018	13,95	14,34	13,84	14,09
21/06/2018	14,18	14,48	13,96	13,96
20/06/2018	13,84	14,32	13,78	14,18
19/06/2018	13,65	14,16	13,61	13,73
18/06/2018	14,26	14,26	13,69	13,73
15/06/2018	14,83	14,87	14,20	14,20
14/06/2018	14,80	15,13	14,64	14,86
13/06/2018	14,40	15,17	14,14	14,77
12/06/2018	14,30	14,55	14,02	14,41
11/06/2018	14,16	14,31	13,57	14,22
08/06/2018	14,46	14,58	13,90	14,20
07/06/2018	14,44	14,84	13,86	14,59
06/06/2018	14,83	14,85	14,04	14,31
05/06/2018	15,04	15,19	14,63	14,85
04/06/2018	14,77	15,15	14,55	15,10
01/06/2018	14,72	14,96	14,15	14,80
30/05/2018	14,15	14,93	14,01	14,73
29/05/2018	13,95	14,56	13,86	14,15
28/05/2018	14,20	14,20	13,58	13,81
25/05/2018	14,28	14,68	13,94	14,26
24/05/2018	13,86	14,62	13,76	14,25
23/05/2018	14,12	14,31	13,88	14,02
22/05/2018	13,90	14,41	13,85	14,14
21/05/2018	14,11	14,20	13,84	13,99
18/05/2018	14,41	14,41	13,93	14,01
17/05/2018	14,72	15,01	14,39	14,44
16/05/2018	14,21	14,92	14,12	14,87
15/05/2018	14,78	15,14	14,25	14,36
14/05/2018	14,71	15,05	14,69	15,01
11/05/2018	14,80	14,92	14,73	14,87
10/05/2018	14,46	14,91	14,27	14,91
09/05/2018	13,80	14,55	13,62	14,55
08/05/2018	13,60	13,84	13,50	13,74
07/05/2018	13,53	14,01	13,51	13,51
04/05/2018	13,51	13,71	13,39	13,45
03/05/2018	13,60	13,64	13,43	13,50
02/05/2018	13,93	13,95	13,55	13,59
30/04/2018	13,90	13,99	13,76	13,87
27/04/2018	13,74	14,10	13,63	13,77
26/04/2018	14,00	14,19	13,71	13,73
25/04/2018	13,82	14,07	13,78	14,00
24/04/2018	13,40	14,02	13,39	13,91
23/04/2018	13,17	13,66	13,17	13,50
20/04/2018	13,13	13,39	13,05	13,30
19/04/2018	13,04	13,22	12,92	13,21
18/04/2018	13,07	13,17	12,91	12,99
17/04/2018	12,98	13,09	12,89	12,97
16/04/2018	13,24	13,32	12,87	12,96
13/04/2018	12,92	13,22	12,87	13,18
12/04/2018	13,14	13,24	12,89	12,92
11/04/2018	13,38	13,45	13,00	13,07
10/04/2018	13,18	13,34	13,15	13,22
09/04/2018	13,42	13,42	13,13	13,17
06/04/2018	13,35	13,43	13,13	13,27
05/04/2018	13,60	13,68	13,32	13,36
04/04/2018	13,40	13,57	13,36	13,49
03/04/2018	13,58	13,70	13,28	13,56
02/04/2018	13,84	13,90	13,52	13,52
29/03/2018	13,68	13,87	13,56	13,77
28/03/2018	13,55	13,69	13,34	13,56
27/03/2018	13,96	14,05	13,49	13,49
26/03/2018	13,82	13,99	13,69	13,93
23/03/2018	13,68	13,81	13,68	13,81
22/03/2018	13,51	13,79	13,51	13,71
21/03/2018	13,70	13,76	13,51	13,51
20/03/2018	13,88	13,88	13,62	13,70
19/03/2018	13,72	13,93	13,65	13,91
16/03/2018	13,72	13,96	13,57	13,81
15/03/2018	13,68	13,93	13,62	13,72
14/03/2018	13,73	13,74	13,27	13,61
13/03/2018	14,19	14,19	13,68	13,68
12/03/2018	14,02	14,29	13,88	14,11
09/03/2018	13,77	14,05	13,68	13,88
08/03/2018	13,92	14,02	13,63	13,71
07/03/2018	14,09	14,23	13,78	13,98
06/03/2018	14,19	14,27	13,83	14,10
05/03/2018	13,77	14,22	13,71	14,13
02/03/2018	13,65	13,96	13,36	13,77
01/03/2018	13,66	13,76	13,36	13,68
28/02/2018	13,73	13,92	13,32	13,64
27/02/2018	13,35	13,47	13,10	13,32
26/02/2018	13,65	13,65	13,18	13,34
23/02/2018	13,20	13,59	13,16	13,59
22/02/2018	13,17	13,31	13,04	13,13
21/02/2018	13,32	13,46	13,13	13,17
20/02/2018	13,67	13,67	13,25	13,28
19/02/2018	13,77	13,82	13,55	13,68
16/02/2018	13,72	13,74	13,47	13,74
15/02/2018	13,73	13,87	13,47	13,61
14/02/2018	13,40	13,71	13,32	13,61
09/02/2018	13,70	13,70	13,18	13,40
08/02/2018	14,04	14,10	13,50	13,65
07/02/2018	14,14	14,51	13,96	14,04
06/02/2018	14,04	14,37	13,64	14,20
05/02/2018	14,38	14,60	14,14	14,17
02/02/2018	15,01	15,01	14,35	14,44
01/02/2018	14,70	15,15	14,70	15,07
31/01/2018	14,61	14,87	14,61	14,78
30/01/2018	14,69	14,73	14,42	14,56
29/01/2018	14,69	14,88	14,45	14,71
26/01/2018	14,23	14,99	14,00	14,78
24/01/2018	13,98	14,25	13,79	14,25
23/01/2018	14,13	14,23	13,79	13,91
22/01/2018	13,56	13,90	13,53	13,89
19/01/2018	13,63	13,63	13,41	13,63
18/01/2018	13,74	13,77	13,51	13,51
17/01/2018	13,39	13,73	13,34	13,73
16/01/2018	13,41	13,44	13,25	13,32
15/01/2018	13,43	13,47	13,32	13,34
12/01/2018	13,15	13,51	12,97	13,43
11/01/2018	13,10	13,31	12,76	13,15
10/01/2018	13,39	13,46	12,87	13,04
09/01/2018	13,48	13,61	13,29	13,29
08/01/2018	13,81	13,87	13,42	13,42
05/01/2018	13,88	13,90	13,68	13,77
04/01/2018	14,15	14,23	13,88	13,88
03/01/2018	14,22	14,33	14,02	14,13
02/01/2018	13,96	14,30	13,89	14,22
28/12/2017	13,77	14,00	13,77	14,00
27/12/2017	13,61	13,88	13,61	13,82
26/12/2017	13,48	13,77	13,48	13,59
22/12/2017	13,45	13,57	13,32	13,54
21/12/2017	13,55	13,58	13,30	13,41
20/12/2017	13,64	13,68	13,37	13,50
19/12/2017	13,98	14,10	13,48	13,50
18/12/2017	14,14	14,32	13,88	13,93
15/12/2017	13,85	14,18	13,85	14,10
14/12/2017	14,02	14,22	13,82	13,92
13/12/2017	14,38	14,56	14,05	14,05
12/12/2017	14,32	14,59	14,18	14,38
11/12/2017	14,39	14,75	14,08	14,50
08/12/2017	14,52	14,57	14,20	14,24
07/12/2017	14,29	14,51	13,98	14,42
06/12/2017	14,05	14,38	14,02	14,38
05/12/2017	14,11	14,43	13,91	14,19
04/12/2017	13,90	14,28	13,83	14,21
01/12/2017	13,95	14,30	13,59	13,84
30/11/2017	14,49	14,59	13,79	13,95
29/11/2017	14,87	15,03	14,33	14,42
28/11/2017	14,43	15,03	14,43	14,90
27/11/2017	13,92	14,51	13,69	14,51
24/11/2017	13,88	14,11	13,52	13,88
23/11/2017	13,79	14,04	13,61	13,88
22/11/2017	13,68	13,77	13,55	13,73
21/11/2017	13,55	13,73	13,41	13,61
17/11/2017	13,61	13,73	13,43	13,50
16/11/2017	13,41	13,65	13,33	13,55
14/11/2017	13,56	13,66	13,27	13,32
13/11/2017	13,65	13,74	13,14	13,32
10/11/2017	14,01	14,19	13,55	13,59
09/11/2017	14,69	14,69	13,88	14,00
08/11/2017	14,57	14,81	14,46	14,71
07/11/2017	14,76	14,93	14,48	14,51
06/11/2017	14,92	15,06	14,79	14,79
03/11/2017	14,74	15,38	14,74	15,01
01/11/2017	14,78	14,95	14,65	14,82
31/10/2017	14,67	15,12	14,46	14,77
30/10/2017	14,89	14,89	14,54	14,58
27/10/2017	14,74	15,06	14,53	14,89
26/10/2017	15,01	15,06	14,71	14,72
25/10/2017	14,82	15,11	14,71	14,90
24/10/2017	14,84	14,99	14,67	14,82
23/10/2017	15,02	15,15	14,62	14,84
20/10/2017	14,91	15,24	14,88	15,02
19/10/2017	14,91	15,06	14,57	14,91
18/10/2017	14,45	15,06	14,33	14,97
17/10/2017	14,56	14,68	14,25	14,30
16/10/2017	14,87	15,03	14,44	14,49
13/10/2017	14,78	15,09	14,70	14,79
11/10/2017	14,85	14,96	14,60	14,69
10/10/2017	14,74	14,95	14,70	14,86
09/10/2017	14,68	14,80	14,60	14,74
06/10/2017	14,71	14,84	14,56	14,78
05/10/2017	14,47	14,97	14,47	14,71
04/10/2017	14,19	14,45	14,12	14,42
03/10/2017	13,98	14,22	13,82	14,11
02/10/2017	14,24	14,24	13,96	13,96
29/09/2017	14,46	14,60	14,11	14,24
28/09/2017	14,61	14,69	14,11	14,46
27/09/2017	14,97	14,97	14,51	14,60
26/09/2017	14,75	15,00	14,60	14,78
25/09/2017	15,22	15,22	14,42	14,73
22/09/2017	15,55	15,58	14,89	15,05
21/09/2017	15,61	15,61	15,16	15,58
20/09/2017	15,56	15,65	15,27	15,57
19/09/2017	15,47	15,68	15,07	15,54
18/09/2017	15,33	15,43	14,93	15,43
15/09/2017	15,06	15,29	14,97	15,29
14/09/2017	15,13	15,28	14,90	15,11
13/09/2017	15,25	15,33	15,08	15,13
12/09/2017	15,17	15,46	15,06	15,24
11/09/2017	15,01	15,49	14,91	15,34
08/09/2017	14,74	15,01	14,66	14,90
06/09/2017	14,94	14,94	14,51	14,83
05/09/2017	14,90	15,01	14,67	14,77
04/09/2017	14,57	14,96	14,57	14,78
01/09/2017	14,65	14,87	14,51	14,54
31/08/2017	14,33	14,56	14,11	14,51
30/08/2017	15,15	15,38	14,69	14,69
29/08/2017	14,77	15,36	14,69	15,09
28/08/2017	14,57	15,01	14,51	14,77
25/08/2017	14,10	14,21	13,87	14,16
24/08/2017	13,68	14,13	13,68	14,13
23/08/2017	13,38	13,73	13,26	13,68
22/08/2017	13,45	13,60	13,27	13,27
21/08/2017	13,59	13,63	13,15	13,36
18/08/2017	13,76	13,77	13,53	13,59
17/08/2017	13,85	13,85	13,64	13,67
16/08/2017	13,92	13,93	13,69	13,85
15/08/2017	13,85	13,94	13,71	13,92
14/08/2017	14,00	14,00	13,81	13,87
11/08/2017	13,43	13,99	13,43	13,95
10/08/2017	13,27	13,33	12,95	13,31
09/08/2017	13,45	13,46	13,10	13,26
08/08/2017	13,50	13,58	13,32	13,43
07/08/2017	13,68	13,71	13,25	13,50
04/08/2017	14,00	14,05	13,54	13,54
03/08/2017	13,99	14,07	13,87	14,00
02/08/2017	14,00	14,08	13,91	14,01
01/08/2017	13,97	14,13	13,88	14,00
31/07/2017	13,77	14,04	13,72	13,90
28/07/2017	13,90	13,94	13,73	13,77
27/07/2017	13,94	14,00	13,82	13,90
26/07/2017	14,19	14,20	13,87	13,87
25/07/2017	13,88	14,14	13,78	14,14
24/07/2017	13,82	13,96	13,77	13,91
21/07/2017	13,82	13,85	13,66	13,77
20/07/2017	13,73	13,81	13,19	13,68
