Data	Abertura	Máxima	Mínima	Fechamento
01/06/2022	2,96	3,05	2,88	3,00
31/05/2022	2,84	3,07	2,84	2,94
30/05/2022	2,83	2,87	2,77	2,81
27/05/2022	2,90	2,96	2,81	2,82
26/05/2022	2,86	2,92	2,83	2,89
25/05/2022	2,83	2,94	2,83	2,86
24/05/2022	2,77	2,92	2,76	2,86
23/05/2022	2,61	2,85	2,61	2,84
20/05/2022	2,46	2,62	2,43	2,60
19/05/2022	2,41	2,44	2,37	2,44
18/05/2022	2,47	2,52	2,37	2,39
17/05/2022	2,71	2,78	2,41	2,45
16/05/2022	2,59	2,69	2,49	2,66
13/05/2022	2,62	2,68	2,60	2,61
12/05/2022	2,53	2,65	2,50	2,60
11/05/2022	2,64	2,65	2,53	2,54
10/05/2022	2,70	2,79	2,64	2,65
09/05/2022	2,65	2,70	2,64	2,68
06/05/2022	2,70	2,75	2,64	2,69
05/05/2022	2,68	2,70	2,62	2,68
04/05/2022	2,61	2,74	2,56	2,73
03/05/2022	2,67	2,70	2,61	2,63
02/05/2022	2,79	2,81	2,63	2,66
29/04/2022	2,83	2,92	2,76	2,77
28/04/2022	2,82	2,83	2,75	2,80
27/04/2022	2,87	2,87	2,78	2,79
26/04/2022	2,85	2,91	2,79	2,81
25/04/2022	2,81	2,92	2,80	2,86
22/04/2022	2,92	2,95	2,88	2,91
20/04/2022	3,00	3,02	2,93	2,93
19/04/2022	3,06	3,08	2,99	3,01
18/04/2022	3,06	3,09	3,02	3,07
14/04/2022	3,13	3,13	3,03	3,04
13/04/2022	3,11	3,18	3,06	3,13
12/04/2022	3,22	3,26	3,09	3,09
11/04/2022	3,24	3,24	3,17	3,18
08/04/2022	3,26	3,30	3,22	3,26
07/04/2022	3,38	3,42	3,23	3,27
06/04/2022	3,39	3,41	3,30	3,39
05/04/2022	3,59	3,62	3,40	3,40
04/04/2022	3,53	3,63	3,49	3,59
01/04/2022	3,51	3,61	3,48	3,51
31/03/2022	3,50	3,56	3,47	3,50
30/03/2022	3,59	3,63	3,50	3,50
29/03/2022	3,45	3,62	3,45	3,61
28/03/2022	3,48	3,48	3,36	3,41
25/03/2022	3,25	3,49	3,24	3,45
24/03/2022	3,10	3,28	3,10	3,24
23/03/2022	3,21	3,27	3,09	3,09
22/03/2022	3,01	3,14	3,01	3,11
21/03/2022	3,02	3,08	2,96	2,99
18/03/2022	3,00	3,13	2,99	3,01
17/03/2022	3,00	3,04	2,89	2,98
16/03/2022	2,88	2,94	2,87	2,93
15/03/2022	2,88	2,89	2,82	2,84
14/03/2022	2,94	3,02	2,85	2,87
11/03/2022	3,04	3,06	2,92	2,93
10/03/2022	3,05	3,06	2,98	3,01
09/03/2022	3,05	3,16	3,04	3,05
08/03/2022	2,98	3,08	2,91	3,03
07/03/2022	3,08	3,09	2,95	2,95
04/03/2022	3,27	3,27	3,09	3,10
03/03/2022	3,10	3,37	3,10	3,26
02/03/2022	3,07	3,12	2,99	3,10
25/02/2022	3,05	3,11	2,99	3,06
24/02/2022	3,09	3,21	3,01	3,16
23/02/2022	3,21	3,29	3,16	3,17
22/02/2022	3,17	3,27	3,16	3,21
21/02/2022	3,22	3,28	3,11	3,13
18/02/2022	3,30	3,36	3,21	3,22
17/02/2022	3,32	3,38	3,26	3,29
16/02/2022	3,30	3,34	3,27	3,34
15/02/2022	3,23	3,30	3,22	3,28
14/02/2022	3,18	3,25	3,15	3,19
11/02/2022	3,16	3,42	3,15	3,18
10/02/2022	3,12	3,15	3,08	3,15
09/02/2022	3,07	3,12	3,03	3,12
08/02/2022	2,99	3,09	2,97	3,08
07/02/2022	3,00	3,04	2,97	3,00
04/02/2022	2,95	3,06	2,81	3,02
03/02/2022	3,01	3,05	2,95	2,95
02/02/2022	3,25	3,28	3,00	3,02
01/02/2022	3,27	3,41	3,27	3,32
31/01/2022	3,21	3,27	3,16	3,27
28/01/2022	3,19	3,26	3,16	3,21
27/01/2022	3,28	3,35	3,20	3,23
26/01/2022	3,30	3,34	3,23	3,27
25/01/2022	3,14	3,28	3,11	3,28
24/01/2022	3,31	3,32	3,16	3,16
21/01/2022	3,50	3,51	3,33	3,34
20/01/2022	3,36	3,56	3,36	3,52
19/01/2022	3,36	3,44	3,35	3,37
18/01/2022	3,45	3,47	3,33	3,35
17/01/2022	3,51	3,58	3,47	3,48
14/01/2022	3,53	3,57	3,48	3,54
13/01/2022	3,62	3,66	3,53	3,53
12/01/2022	3,60	3,70	3,60	3,63
11/01/2022	3,55	3,64	3,53	3,59
10/01/2022	3,65	3,68	3,52	3,54
07/01/2022	3,61	3,70	3,56	3,65
06/01/2022	3,65	3,70	3,58	3,60
05/01/2022	3,78	3,82	3,64	3,64
04/01/2022	4,05	4,05	3,79	3,80
03/01/2022	4,05	4,10	3,88	3,91
30/12/2021	3,95	4,04	3,95	4,02
29/12/2021	4,08	4,12	3,93	3,93
28/12/2021	4,01	4,09	4,00	4,05
27/12/2021	3,93	4,02	3,93	4,02
23/12/2021	4,03	4,03	3,91	3,91
22/12/2021	4,05	4,10	3,99	4,02
21/12/2021	4,18	4,23	4,04	4,06
20/12/2021	4,27	4,28	4,19	4,19
17/12/2021	4,41	4,42	4,20	4,34
16/12/2021	4,36	4,49	4,36	4,44
15/12/2021	4,40	4,40	4,25	4,34
14/12/2021	4,43	4,47	4,34	4,36
13/12/2021	4,38	4,49	4,36	4,40
10/12/2021	4,31	4,39	4,31	4,37
09/12/2021	4,34	4,44	4,26	4,29
08/12/2021	4,26	4,37	4,19	4,35
07/12/2021	4,40	4,41	4,21	4,23
06/12/2021	4,18	4,42	4,17	4,33
03/12/2021	4,24	4,35	4,16	4,18
02/12/2021	4,20	4,35	4,20	4,25
01/12/2021	4,35	4,37	4,12	4,16
30/11/2021	4,19	4,31	4,09	4,31
29/11/2021	4,20	4,26	4,14	4,19
26/11/2021	4,07	4,23	4,07	4,14
25/11/2021	4,19	4,27	4,18	4,25
24/11/2021	4,07	4,23	4,05	4,20
23/11/2021	4,04	4,12	3,96	4,09
22/11/2021	4,15	4,17	3,99	4,00
19/11/2021	4,23	4,30	4,11	4,12
18/11/2021	4,31	4,38	4,21	4,21
17/11/2021	4,62	4,65	4,30	4,30
16/11/2021	4,74	4,76	4,56	4,56
12/11/2021	4,90	4,95	4,70	4,72
11/11/2021	4,90	5,15	4,88	5,01
10/11/2021	4,88	5,01	4,85	4,86
09/11/2021	4,78	4,94	4,77	4,89
08/11/2021	4,81	4,81	4,73	4,76
05/11/2021	4,86	4,94	4,77	4,79
04/11/2021	4,90	4,98	4,77	4,80
03/11/2021	4,82	4,95	4,78	4,89
01/11/2021	4,74	4,92	4,72	4,86
29/10/2021	4,83	4,85	4,68	4,69
28/10/2021	4,85	4,93	4,77	4,77
27/10/2021	4,87	4,97	4,84	4,85
26/10/2021	5,03	5,05	4,85	4,86
25/10/2021	5,02	5,13	5,00	5,05
22/10/2021	4,99	5,06	4,75	5,01
21/10/2021	5,16	5,25	5,00	5,05
20/10/2021	5,17	5,39	5,15	5,22
19/10/2021	5,24	5,36	5,11	5,13
18/10/2021	5,16	5,29	5,07	5,22
15/10/2021	5,13	5,24	5,13	5,18
14/10/2021	5,18	5,20	5,07	5,15
13/10/2021	5,03	5,21	5,00	5,16
11/10/2021	5,08	5,14	4,98	5,00
08/10/2021	4,87	5,20	4,85	5,11
07/10/2021	4,85	4,94	4,81	4,82
06/10/2021	4,79	4,84	4,73	4,84
05/10/2021	4,86	4,95	4,83	4,83
04/10/2021	4,88	4,97	4,79	4,85
01/10/2021	4,78	4,94	4,75	4,94
30/09/2021	4,84	4,87	4,72	4,73
29/09/2021	4,83	4,95	4,79	4,83
28/09/2021	4,90	4,95	4,76	4,79
27/09/2021	5,00	5,07	4,90	4,92
24/09/2021	4,89	5,03	4,87	5,00
23/09/2021	4,84	4,98	4,82	4,93
22/09/2021	4,79	4,91	4,76	4,82
21/09/2021	4,93	4,99	4,71	4,79
20/09/2021	5,11	5,17	4,87	4,88
17/09/2021	5,27	5,30	5,17	5,18
16/09/2021	5,30	5,39	5,26	5,27
15/09/2021	5,42	5,44	5,33	5,33
14/09/2021	5,52	5,57	5,39	5,40
13/09/2021	5,31	5,55	5,26	5,50
10/09/2021	5,28	5,33	5,21	5,21
09/09/2021	5,14	5,27	5,10	5,20
08/09/2021	5,22	5,27	5,08	5,20
06/09/2021	5,16	5,30	5,16	5,27
03/09/2021	5,20	5,23	5,13	5,15
02/09/2021	5,28	5,31	5,12	5,18
01/09/2021	5,35	5,41	5,28	5,30
31/08/2021	5,24	5,42	5,23	5,34
30/08/2021	5,26	5,34	5,21	5,23
27/08/2021	5,21	5,29	5,17	5,27
26/08/2021	5,24	5,31	5,15	5,15
25/08/2021	5,08	5,25	5,06	5,24
24/08/2021	5,08	5,13	5,06	5,06
23/08/2021	5,17	5,23	5,04	5,04
20/08/2021	5,09	5,19	5,08	5,16
19/08/2021	5,15	5,17	5,11	5,11
18/08/2021	5,21	5,35	5,14	5,22
17/08/2021	5,05	5,29	5,05	5,26
16/08/2021	5,58	5,63	5,46	5,46
13/08/2021	5,64	5,66	5,55	5,62
12/08/2021	5,78	5,78	5,57	5,60
11/08/2021	5,83	5,83	5,73	5,77
10/08/2021	5,85	5,93	5,82	5,82
09/08/2021	5,82	5,90	5,75	5,85
06/08/2021	5,66	5,90	5,63	5,82
05/08/2021	5,63	5,70	5,60	5,64
04/08/2021	5,63	5,69	5,55	5,60
03/08/2021	5,63	5,70	5,53	5,67
02/08/2021	5,71	5,81	5,67	5,67
30/07/2021	5,70	5,73	5,59	5,68
29/07/2021	5,83	5,86	5,72	5,72
28/07/2021	5,80	5,89	5,75	5,81
27/07/2021	5,84	5,90	5,72	5,74
26/07/2021	5,80	6,08	5,79	5,88
23/07/2021	5,92	5,95	5,77	5,78
22/07/2021	6,03	6,11	5,85	5,91
21/07/2021	5,58	6,02	5,57	6,00
20/07/2021	5,50	5,56	5,46	5,53
19/07/2021	5,55	5,56	5,48	5,50
16/07/2021	5,61	5,67	5,58	5,58
15/07/2021	5,68	5,73	5,58	5,59
14/07/2021	5,59	5,72	5,58	5,69
13/07/2021	5,61	5,63	5,54	5,57
12/07/2021	5,57	5,64	5,53	5,64
08/07/2021	5,56	5,62	5,53	5,57
07/07/2021	5,66	5,67	5,56	5,65
06/07/2021	5,70	5,72	5,61	5,64
05/07/2021	5,71	5,75	5,68	5,72
02/07/2021	5,74	5,78	5,68	5,72
01/07/2021	5,79	5,81	5,70	5,72
30/06/2021	5,85	5,85	5,74	5,77
29/06/2021	5,93	5,94	5,83	5,85
28/06/2021	6,00	6,00	5,90	5,92
25/06/2021	6,02	6,03	5,96	5,99
24/06/2021	6,04	6,08	6,00	6,02
23/06/2021	6,04	6,14	6,00	6,03
22/06/2021	6,05	6,05	5,98	6,04
21/06/2021	6,11	6,12	6,07	6,10
18/06/2021	6,19	6,20	6,08	6,10
17/06/2021	6,16	6,34	6,15	6,17
16/06/2021	6,11	6,28	6,10	6,12
15/06/2021	6,09	6,13	6,07	6,10
14/06/2021	6,10	6,13	6,06	6,09
11/06/2021	6,09	6,10	6,05	6,08
10/06/2021	6,12	6,17	6,07	6,10
09/06/2021	6,12	6,15	6,07	6,10
08/06/2021	6,30	6,31	6,07	6,09
07/06/2021	6,11	6,35	6,11	6,30
04/06/2021	6,04	6,16	6,04	6,10
02/06/2021	6,01	6,07	5,98	6,05
01/06/2021	5,99	6,03	5,96	5,98
31/05/2021	6,02	6,04	5,91	5,94
28/05/2021	6,24	6,29	5,99	6,00
27/05/2021	6,04	6,24	6,03	6,24
26/05/2021	6,05	6,08	6,01	6,04
25/05/2021	6,03	6,05	6,01	6,02
24/05/2021	6,02	6,06	6,00	6,01
21/05/2021	6,09	6,09	6,00	6,01
20/05/2021	6,08	6,10	6,05	6,09
19/05/2021	6,07	6,12	6,05	6,08
18/05/2021	6,11	6,14	6,07	6,08
17/05/2021	6,15	6,16	6,09	6,09
14/05/2021	6,53	6,55	6,16	6,16
13/05/2021	6,35	6,56	6,35	6,49
12/05/2021	6,22	6,37	6,19	6,34
11/05/2021	6,08	6,28	6,03	6,25
10/05/2021	6,19	6,24	6,10	6,12
07/05/2021	6,11	6,20	6,08	6,18
06/05/2021	6,15	6,20	6,06	6,08
05/05/2021	6,04	6,20	6,01	6,16
04/05/2021	6,07	6,09	5,99	5,99
03/05/2021	6,14	6,15	6,05	6,05
30/04/2021	6,13	6,16	6,05	6,09
29/04/2021	6,25	6,26	6,14	6,15
28/04/2021	6,34	6,34	6,19	6,25
27/04/2021	6,43	6,44	6,26	6,27
26/04/2021	6,41	6,51	6,39	6,43
23/04/2021	6,36	6,42	6,31	6,38
22/04/2021	6,50	6,63	6,33	6,36
20/04/2021	6,30	6,36	6,22	6,25
19/04/2021	6,19	6,44	6,18	6,31
16/04/2021	6,22	6,25	6,14	6,17
15/04/2021	6,44	6,45	6,21	6,25
14/04/2021	6,25	6,54	6,25	6,44
13/04/2021	6,17	6,30	6,13	6,25
12/04/2021	6,18	6,26	6,15	6,17
09/04/2021	6,11	6,20	6,10	6,17
08/04/2021	6,25	6,28	6,11	6,15
07/04/2021	6,35	6,62	6,21	6,22
06/04/2021	6,08	6,10	6,05	6,08
05/04/2021	6,10	6,13	6,04	6,07
01/04/2021	6,18	6,18	6,03	6,05
31/03/2021	6,17	6,26	6,12	6,13
30/03/2021	6,07	6,22	6,06	6,16
29/03/2021	6,08	6,17	6,07	6,08
26/03/2021	6,11	6,21	6,05	6,12
25/03/2021	6,05	6,16	5,97	6,10
24/03/2021	6,45	6,52	6,03	6,05
23/03/2021	6,39	6,63	6,24	6,45
22/03/2021	6,14	6,22	6,06	6,09
19/03/2021	6,27	6,34	6,09	6,18
18/03/2021	6,17	6,51	6,09	6,17
17/03/2021	6,05	6,20	5,97	6,16
16/03/2021	6,04	6,17	5,99	6,06
15/03/2021	6,18	6,23	6,01	6,03
12/03/2021	6,05	6,26	6,03	6,19
11/03/2021	6,13	6,23	5,98	6,10
10/03/2021	5,84	6,15	5,75	6,08
09/03/2021	5,85	5,94	5,78	5,82
08/03/2021	6,09	6,19	5,76	5,85
05/03/2021	5,97	6,24	5,88	6,16
04/03/2021	6,04	6,26	5,86	5,97
03/03/2021	5,88	6,15	5,72	5,89
02/03/2021	5,80	5,97	5,64	5,96
01/03/2021	6,12	6,14	5,80	5,83
26/02/2021	6,13	6,26	6,00	6,00
25/02/2021	6,30	6,34	6,05	6,08
24/02/2021	6,33	6,38	6,24	6,29
23/02/2021	6,15	6,43	6,15	6,28
22/02/2021	6,22	6,33	6,05	6,10
19/02/2021	6,26	6,48	6,23	6,39
18/02/2021	6,79	6,81	6,62	6,65
17/02/2021	6,64	6,82	6,57	6,77
12/02/2021	6,55	6,70	6,49	6,64
11/02/2021	6,60	6,69	6,52	6,55
10/02/2021	6,68	6,75	6,52	6,58
09/02/2021	6,70	6,84	6,62	6,65
08/02/2021	6,90	6,97	6,68	6,72
05/02/2021	7,14	7,18	6,90	6,91
04/02/2021	7,26	7,34	7,06	7,12
03/02/2021	7,28	7,44	7,24	7,29
02/02/2021	7,40	7,57	7,22	7,24
01/02/2021	7,29	7,58	7,25	7,33
29/01/2021	7,90	7,94	7,08	7,20
28/01/2021	6,71	7,68	6,67	7,67
27/01/2021	6,47	6,87	6,28	6,51
26/01/2021	6,92	6,93	6,52	6,53
22/01/2021	7,40	7,45	6,92	6,92
21/01/2021	7,64	7,74	7,49	7,60
20/01/2021	7,67	7,87	7,46	7,66
19/01/2021	7,70	7,72	7,37	7,60
18/01/2021	7,77	7,81	7,63	7,65
15/01/2021	7,76	7,81	7,67	7,71
14/01/2021	7,90	7,95	7,82	7,86
13/01/2021	7,79	8,08	7,72	7,80
12/01/2021	7,65	7,85	7,63	7,78
11/01/2021	7,89	7,95	7,56	7,62
08/01/2021	7,85	8,06	7,78	8,00
07/01/2021	7,84	7,96	7,71	7,75
06/01/2021	7,80	8,11	7,72	7,75
05/01/2021	7,86	7,90	7,67	7,76
04/01/2021	8,30	8,33	7,89	7,89
30/12/2020	8,21	8,46	8,06	8,18
29/12/2020	8,21	8,52	7,83	8,21
28/12/2020	7,48	8,19	7,38	8,11
23/12/2020	7,25	7,59	7,19	7,24
22/12/2020	7,20	7,29	7,09	7,19
21/12/2020	7,17	7,28	7,03	7,15
18/12/2020	7,34	7,44	7,28	7,39
17/12/2020	7,49	7,66	7,29	7,34
16/12/2020	7,27	7,53	7,16	7,47
15/12/2020	7,39	7,41	7,23	7,25
14/12/2020	7,36	7,58	7,23	7,35
11/12/2020	7,33	7,34	7,14	7,28
10/12/2020	7,31	7,47	7,01	7,38
09/12/2020	7,70	7,72	7,19	7,26
08/12/2020	7,43	7,63	7,12	7,53
07/12/2020	6,89	7,78	6,85	7,36
04/12/2020	7,01	7,06	6,78	6,89
03/12/2020	6,82	7,01	6,75	6,91
02/12/2020	6,72	7,03	6,71	6,76
01/12/2020	6,77	6,83	6,62	6,68
30/11/2020	6,80	6,91	6,61	6,63
27/11/2020	7,11	7,13	6,72	6,82
26/11/2020	6,94	7,14	6,86	7,07
25/11/2020	7,03	7,11	6,91	6,95
24/11/2020	7,25	7,27	7,00	7,06
23/11/2020	7,06	7,38	7,02	7,17
20/11/2020	6,66	7,14	6,63	6,97
19/11/2020	6,80	6,83	6,63	6,68
18/11/2020	6,88	6,98	6,74	6,76
17/11/2020	6,63	6,88	6,61	6,84
16/11/2020	6,85	6,88	6,56	6,64
13/11/2020	6,26	6,85	6,24	6,71
12/11/2020	6,37	6,44	6,13	6,23
11/11/2020	6,51	6,59	6,37	6,41
10/11/2020	6,65	6,84	6,52	6,54
09/11/2020	6,85	7,02	6,62	6,65
06/11/2020	6,14	6,68	6,12	6,55
05/11/2020	6,32	6,41	6,14	6,24
04/11/2020	6,32	6,47	5,99	6,23
03/11/2020	6,36	6,84	6,28	6,40
30/10/2020	6,06	6,23	5,95	6,14
29/10/2020	6,08	6,15	5,85	6,11
28/10/2020	6,49	6,53	6,05	6,09
27/10/2020	7,01	7,04	6,71	6,73
26/10/2020	6,95	7,15	6,88	6,95
23/10/2020	6,94	6,94	6,81	6,85
22/10/2020	6,87	7,08	6,75	6,92
21/10/2020	7,37	7,43	6,81	6,83
20/10/2020	7,16	7,24	7,01	7,10
19/10/2020	6,83	7,22	6,69	7,09
16/10/2020	7,00	7,04	6,75	6,79
15/10/2020	7,07	7,19	6,86	7,00
14/10/2020	7,15	7,36	7,09	7,16
13/10/2020	7,40	7,45	7,08	7,14
09/10/2020	7,83	7,85	7,05	7,18
08/10/2020	6,51	7,74	6,41	7,74
07/10/2020	6,95	7,06	6,36	6,44
06/10/2020	8,80	8,90	7,17	7,17
05/10/2020	8,23	8,72	8,22	8,65
02/10/2020	8,09	8,32	7,90	8,09
01/10/2020	7,49	8,11	7,46	8,10
30/09/2020	7,55	7,57	7,30	7,49
29/09/2020	7,45	7,58	7,31	7,31
28/09/2020	7,35	7,57	6,95	7,23
25/09/2020	7,00	7,69	6,95	7,17
24/09/2020	6,60	7,30	6,41	7,08
23/09/2020	6,00	6,48	5,99	6,30
22/09/2020	5,40	5,79	5,35	5,75
21/09/2020	5,51	5,52	5,33	5,41
18/09/2020	5,93	5,93	5,56	5,62
17/09/2020	5,88	6,00	5,81	5,91
16/09/2020	5,96	6,02	5,90	5,92
15/09/2020	6,19	6,27	5,92	5,92
14/09/2020	6,09	6,18	5,94	6,12
11/09/2020	6,34	6,37	6,03	6,04
10/09/2020	6,50	6,65	6,26	6,30
09/09/2020	6,77	6,80	6,46	6,51
08/09/2020	6,86	6,86	6,68	6,72
04/09/2020	6,91	7,04	6,66	6,95
03/09/2020	7,03	7,16	6,83	6,84
02/09/2020	7,00	7,08	6,86	7,01
01/09/2020	7,20	7,23	6,91	6,97
31/08/2020	7,00	7,28	6,95	7,13
28/08/2020	7,64	7,70	7,44	7,50
27/08/2020	7,71	7,80	7,60	7,62
26/08/2020	8,14	8,19	7,62	7,69
25/08/2020	7,96	8,25	7,81	7,94
24/08/2020	8,12	8,20	7,75	7,93
21/08/2020	7,32	8,25	7,27	8,21
20/08/2020	7,05	7,35	7,00	7,31
19/08/2020	7,54	7,58	7,16	7,19
18/08/2020	7,60	7,64	7,43	7,55
17/08/2020	7,70	7,77	7,39	7,47
14/08/2020	7,62	7,75	7,46	7,64
13/08/2020	7,75	8,00	7,52	7,55
12/08/2020	8,07	8,15	7,62	7,70
11/08/2020	7,59	8,17	7,54	7,98
10/08/2020	7,70	7,70	7,46	7,53
07/08/2020	7,67	8,13	7,56	7,64
06/08/2020	7,46	7,71	7,35	7,71
05/08/2020	7,57	7,62	7,38	7,41
04/08/2020	7,50	7,89	7,33	7,48
03/08/2020	7,62	7,75	7,51	7,57
31/07/2020	7,99	8,14	7,84	7,84
30/07/2020	7,97	8,09	7,82	7,94
29/07/2020	7,92	8,18	7,92	8,05
28/07/2020	8,04	8,21	7,93	8,07
27/07/2020	8,32	8,41	7,92	8,04
24/07/2020	7,62	8,42	7,44	8,20
23/07/2020	8,04	8,10	7,70	7,72
22/07/2020	8,32	8,39	7,91	8,04
21/07/2020	8,75	8,75	8,30	8,38
20/07/2020	8,88	8,90	8,67	8,77
17/07/2020	8,89	8,99	8,81	8,85
16/07/2020	8,92	9,03	8,75	8,80
15/07/2020	9,39	9,42	8,90	8,99
14/07/2020	8,96	9,23	8,63	9,15
13/07/2020	8,46	9,45	8,45	8,84
10/07/2020	8,50	8,56	8,29	8,36
09/07/2020	7,64	8,59	7,55	8,45
08/07/2020	8,65	8,76	8,44	8,47
07/07/2020	8,55	8,84	8,42	8,65
06/07/2020	9,07	9,20	8,52	8,65
03/07/2020	7,86	8,80	7,56	8,80
02/07/2020	9,41	9,50	8,11	8,15
01/07/2020	9,45	9,75	9,11	9,28
30/06/2020	10,91	11,85	9,83	10,00
29/06/2020	11,22	11,61	11,09	11,33
26/06/2020	10,91	11,06	10,47	10,78
25/06/2020	10,15	10,44	9,70	10,23
24/06/2020	10,69	11,05	10,00	10,05
23/06/2020	11,50	11,90	10,30	10,45
22/06/2020	9,55	11,04	9,48	11,00
19/06/2020	9,58	9,62	9,24	9,45
18/06/2020	9,14	9,63	9,10	9,23
17/06/2020	9,33	9,60	9,05	9,16
16/06/2020	9,18	10,06	9,01	9,28
15/06/2020	9,76	10,16	9,01	9,41
12/06/2020	11,09	11,55	10,45	10,45
10/06/2020	12,82	12,88	11,61	11,78
09/06/2020	10,45	12,64	10,18	12,02
08/06/2020	10,00	10,70	9,86	10,68
05/06/2020	10,14	10,25	9,45	9,77
04/06/2020	10,29	10,70	9,28	9,50
03/06/2020	8,10	9,77	8,04	9,77
02/06/2020	7,62	7,96	7,61	7,82
01/06/2020	7,57	7,85	7,49	7,55
29/05/2020	7,31	7,55	7,13	7,55
28/05/2020	7,00	7,69	6,85	7,39
27/05/2020	6,77	7,03	6,57	7,00
26/05/2020	7,39	7,61	6,70	6,72
25/05/2020	6,36	7,22	6,33	7,09
22/05/2020	6,49	6,70	6,40	6,52
21/05/2020	6,95	6,96	6,34	6,41
20/05/2020	6,56	6,97	6,50	6,92
19/05/2020	6,57	6,98	6,41	6,41
18/05/2020	6,25	6,68	6,10	6,68
15/05/2020	6,39	6,65	6,09	6,09
14/05/2020	6,62	7,00	6,37	6,40
13/05/2020	7,37	7,51	6,68	6,74
12/05/2020	7,13	7,79	6,95	7,31
11/05/2020	7,18	7,26	6,93	7,00
08/05/2020	7,95	8,35	7,80	8,22
07/05/2020	8,47	8,52	7,74	7,74
06/05/2020	8,20	8,45	8,11	8,31
05/05/2020	8,83	8,97	8,16	8,19
04/05/2020	8,92	9,05	8,56	8,72
30/04/2020	9,09	9,68	8,95	9,29
29/04/2020	8,35	9,41	8,28	9,32
28/04/2020	8,72	8,86	8,10	8,18
27/04/2020	8,58	8,86	8,37	8,60
24/04/2020	8,92	8,97	7,51	8,25
23/04/2020	9,72	9,95	8,83	9,20
22/04/2020	10,91	11,04	10,02	10,05
20/04/2020	10,55	11,07	10,34	10,85
17/04/2020	11,10	11,25	10,74	10,84
16/04/2020	11,19	11,26	10,60	10,74
15/04/2020	10,61	11,66	10,36	10,76
14/04/2020	9,70	11,28	9,62	10,89
13/04/2020	9,18	9,56	9,05	9,45
09/04/2020	9,35	9,73	8,96	9,18
08/04/2020	8,86	9,27	8,77	9,22
07/04/2020	10,27	10,42	9,25	9,27
06/04/2020	8,41	9,25	8,21	9,25
03/04/2020	8,19	8,27	7,48	7,81
02/04/2020	8,63	8,89	8,09	8,34
01/04/2020	8,23	8,50	7,98	8,46
31/03/2020	9,99	9,99	8,52	8,80
30/03/2020	9,82	10,75	9,63	9,76
27/03/2020	8,67	9,85	8,43	9,45
26/03/2020	7,79	9,92	7,79	9,03
25/03/2020	7,44	8,32	7,22	8,18
24/03/2020	7,07	7,64	6,65	7,44
23/03/2020	6,77	6,78	5,96	6,36
20/03/2020	7,35	8,17	6,55	6,64
19/03/2020	6,27	7,22	5,85	6,90
18/03/2020	7,56	7,57	6,14	6,55
17/03/2020	8,27	8,54	7,73	8,05
16/03/2020	8,05	8,51	7,83	7,95
13/03/2020	10,00	10,00	8,19	9,09
12/03/2020	10,00	10,63	8,02	8,32
11/03/2020	12,27	13,14	11,05	11,54
10/03/2020	13,77	13,98	11,84	12,45
09/03/2020	13,64	14,18	12,37	12,51
06/03/2020	14,09	16,15	13,96	14,88
05/03/2020	18,18	18,32	13,96	14,52
04/03/2020	19,18	20,00	14,83	17,32
03/03/2020	28,04	28,81	25,45	25,45
02/03/2020	29,82	30,39	27,59	27,59
28/02/2020	30,02	30,83	28,92	30,23
27/02/2020	29,14	32,04	29,14	31,03
26/02/2020	27,40	29,27	27,02	29,09
21/02/2020	31,30	31,30	29,37	29,56
20/02/2020	33,27	33,82	31,01	31,26
19/02/2020	35,23	35,45	33,01	33,34
18/02/2020	32,90	34,26	31,82	33,00
17/02/2020	31,74	33,64	30,91	33,27
14/02/2020	30,00	31,72	29,88	31,50
13/02/2020	30,08	30,37	29,45	29,82
12/02/2020	31,92	32,00	30,55	30,64
11/02/2020	31,00	31,81	29,27	31,50
10/02/2020	34,50	34,68	29,74	30,01
07/02/2020	38,39	38,76	35,70	35,93
06/02/2020	38,94	39,78	38,51	38,77
05/02/2020	37,78	38,82	37,18	38,63
04/02/2020	38,00	38,54	36,45	37,53
03/02/2020	34,54	39,07	34,33	37,06
31/01/2020	40,15	40,99	39,43	40,75
30/01/2020	39,94	40,59	39,30	40,15
29/01/2020	40,53	40,71	39,72	40,00
28/01/2020	38,41	40,41	38,23	40,28
27/01/2020	38,54	38,89	37,80	38,09
24/01/2020	39,87	40,15	38,93	38,93
23/01/2020	40,24	40,71	39,83	39,89
22/01/2020	39,27	40,82	39,24	40,82
21/01/2020	39,54	39,83	39,09	39,10
20/01/2020	39,12	40,17	38,93	39,86
17/01/2020	37,91	39,28	37,91	39,28
16/01/2020	38,82	38,82	37,50	38,00
15/01/2020	37,27	38,63	37,15	38,37
14/01/2020	37,59	37,98	37,23	37,49
13/01/2020	37,63	38,58	37,35	37,74
10/01/2020	37,54	37,63	37,09	37,43
09/01/2020	35,96	37,63	35,87	37,41
08/01/2020	35,91	36,15	35,46	36,02
07/01/2020	35,66	35,94	35,33	35,88
06/01/2020	36,00	36,13	35,24	35,64
03/01/2020	35,50	36,41	35,50	35,98
02/01/2020	35,45	36,43	35,01	36,26
30/12/2019	36,13	36,35	35,41	35,41
27/12/2019	36,36	36,36	35,58	35,93
26/12/2019	35,44	36,33	34,97	36,33
23/12/2019	35,41	35,84	35,19	35,56
20/12/2019	34,83	35,43	34,31	35,41
19/12/2019	34,78	34,95	33,98	34,77
18/12/2019	33,82	34,73	33,59	34,73
17/12/2019	33,49	33,91	33,47	33,84
16/12/2019	33,39	33,61	33,33	33,40
13/12/2019	34,14	34,35	33,23	33,34
12/12/2019	33,54	34,18	33,48	34,13
11/12/2019	33,57	33,67	33,20	33,40
10/12/2019	33,36	33,74	33,19	33,50
09/12/2019	33,72	33,77	33,33	33,47
06/12/2019	33,64	34,04	33,54	33,70
05/12/2019	33,45	33,83	33,05	33,82
04/12/2019	33,98	33,98	33,32	33,54
03/12/2019	33,87	34,13	33,54	33,84
02/12/2019	33,84	34,25	33,65	33,82
29/11/2019	34,21	34,54	33,40	33,75
28/11/2019	33,62	34,25	33,50	34,18
27/11/2019	33,41	33,72	32,73	33,65
26/11/2019	33,65	33,91	33,01	33,56
25/11/2019	34,13	34,13	33,65	34,10
22/11/2019	34,12	34,28	33,52	34,21
21/11/2019	33,28	34,40	32,89	34,12
19/11/2019	33,23	33,46	32,87	33,45
18/11/2019	33,93	34,06	32,94	32,95
14/11/2019	33,05	33,87	32,84	33,87
13/11/2019	33,02	33,13	32,44	33,02
12/11/2019	33,06	33,27	32,41	33,08
11/11/2019	31,66	33,11	31,30	32,97
08/11/2019	33,01	33,03	31,57	31,75
07/11/2019	34,42	34,62	32,68	32,88
06/11/2019	35,18	35,31	34,24	34,38
05/11/2019	35,10	35,56	34,69	35,01
04/11/2019	35,01	35,24	34,47	34,95
01/11/2019	34,37	35,12	34,20	34,69
31/10/2019	33,85	34,36	33,55	34,18
30/10/2019	34,10	34,46	33,33	33,78
29/10/2019	34,86	35,12	33,98	34,19
28/10/2019	35,18	35,26	34,15	34,95
25/10/2019	35,41	35,63	34,86	35,01
24/10/2019	35,32	35,79	35,00	35,19
23/10/2019	35,35	35,44	34,62	35,41
22/10/2019	34,92	35,46	34,60	35,46
21/10/2019	33,70	34,96	33,24	34,96
18/10/2019	33,68	34,03	33,60	33,70
17/10/2019	33,36	33,91	33,14	33,89
16/10/2019	33,38	33,45	32,98	33,29
15/10/2019	33,02	33,71	32,88	33,45
14/10/2019	32,89	33,34	32,55	33,34
11/10/2019	32,75	33,29	32,42	32,89
10/10/2019	32,67	33,08	32,06	32,41
09/10/2019	32,29	32,52	31,79	32,52
08/10/2019	32,00	32,45	31,52	32,09
07/10/2019	32,57	32,79	31,67	31,84
04/10/2019	32,34	32,99	32,11	32,88
03/10/2019	33,21	33,21	32,01	32,20
02/10/2019	33,56	33,83	32,93	33,14
01/10/2019	34,37	34,37	33,49	33,69
30/09/2019	33,97	34,24	33,49	34,06
27/09/2019	33,46	33,90	33,17	33,90
26/09/2019	33,78	33,82	32,88	33,49
25/09/2019	33,32	33,32	32,81	33,25
24/09/2019	33,89	33,97	33,08	33,29
23/09/2019	33,71	33,90	33,38	33,73
20/09/2019	34,07	34,49	33,48	33,53
19/09/2019	33,62	34,02	33,50	33,81
18/09/2019	33,62	33,99	33,26	33,62
17/09/2019	31,96	34,06	31,71	33,99
16/09/2019	31,09	32,26	30,70	32,26
13/09/2019	31,87	31,88	31,06	31,06
12/09/2019	31,85	32,23	31,36	31,66
11/09/2019	31,39	31,98	31,39	31,85
10/09/2019	31,15	31,56	30,88	31,30
09/09/2019	30,50	31,66	30,50	31,22
06/09/2019	31,08	31,19	30,51	30,52
05/09/2019	31,45	31,57	30,80	30,86
04/09/2019	31,51	31,77	31,08	31,21
03/09/2019	31,51	31,76	30,80	31,08
02/09/2019	32,26	32,50	31,57	31,57
30/08/2019	31,33	32,71	31,18	32,71
29/08/2019	30,03	31,55	30,03	31,36
28/08/2019	29,85	30,15	29,64	30,00
27/08/2019	29,55	30,21	29,05	30,21
26/08/2019	30,36	30,51	29,60	29,70
23/08/2019	30,31	30,75	29,84	30,30
22/08/2019	30,70	30,86	30,10	30,39
21/08/2019	30,67	30,86	30,25	30,79
20/08/2019	30,46	30,65	30,03	30,34
19/08/2019	30,76	31,06	30,17	30,33
16/08/2019	30,15	30,84	29,97	30,72
15/08/2019	30,24	30,88	29,57	30,02
14/08/2019	30,05	30,89	29,89	30,31
13/08/2019	29,62	30,32	29,48	30,32
12/08/2019	29,99	29,99	29,17	29,62
09/08/2019	29,14	30,33	28,99	30,06
08/08/2019	29,91	30,14	28,83	29,20
07/08/2019	29,04	30,12	28,90	29,84
06/08/2019	28,31	29,33	27,96	29,25
05/08/2019	27,31	27,74	27,08	27,63
02/08/2019	27,80	27,98	26,88	27,59
01/08/2019	28,95	29,10	27,49	27,69
31/07/2019	28,32	28,64	27,62	28,64
30/07/2019	28,64	28,67	28,06	28,24
29/07/2019	28,64	28,75	28,51	28,56
26/07/2019	28,73	28,79	28,47	28,72
25/07/2019	28,91	28,91	28,20	28,79
24/07/2019	28,61	28,98	28,16	28,79
23/07/2019	28,06	28,72	27,86	28,72
22/07/2019	26,99	28,06	26,95	27,81
19/07/2019	26,67	27,40	26,47	26,71
18/07/2019	27,69	27,81	26,80	27,14
17/07/2019	28,18	28,30	27,32	27,56
16/07/2019	27,97	28,63	27,74	27,96
15/07/2019	28,50	28,69	27,96	27,98
12/07/2019	29,17	29,43	28,35	28,35
11/07/2019	30,15	30,28	29,00	29,00
10/07/2019	28,94	30,72	28,86	30,59
08/07/2019	29,26	29,38	28,19	28,64
05/07/2019	29,02	29,29	28,60	29,17
04/07/2019	29,37	29,67	28,96	28,96
03/07/2019	29,16	29,50	28,85	29,02
02/07/2019	30,51	30,51	29,11	29,25
01/07/2019	30,06	30,58	29,96	30,53
28/06/2019	30,15	30,27	29,64	29,70
27/06/2019	30,17	30,29	29,91	29,97
26/06/2019	30,00	30,71	29,96	30,15
25/06/2019	30,56	30,61	29,80	29,80
24/06/2019	30,02	30,75	30,01	30,47
21/06/2019	29,79	29,99	29,58	29,99
19/06/2019	29,46	29,81	29,20	29,64
18/06/2019	29,13	29,70	29,07	29,62
17/06/2019	28,34	29,37	28,07	29,07
14/06/2019	28,94	29,39	28,22	28,22
13/06/2019	29,33	29,81	28,72	28,95
12/06/2019	29,22	29,36	28,87	29,18
11/06/2019	29,99	30,11	28,98	29,22
10/06/2019	29,85	29,96	29,48	29,72
07/06/2019	28,81	29,78	28,64	29,71
06/06/2019	29,67	29,99	28,60	28,60
05/06/2019	30,55	30,69	29,30	29,30
04/06/2019	30,32	30,75	30,09	30,55
03/06/2019	30,75	30,77	30,00	30,12
31/05/2019	31,43	31,92	30,65	30,72
30/05/2019	31,06	31,45	30,77	31,45
29/05/2019	30,60	31,05	30,45	31,03
28/05/2019	30,12	30,87	30,05	30,78
27/05/2019	30,37	30,53	29,93	29,93
24/05/2019	31,06	31,12	29,70	30,12
23/05/2019	30,96	31,27	30,67	31,00
22/05/2019	31,33	31,48	30,55	31,12
21/05/2019	30,90	31,50	30,68	31,33
20/05/2019	30,01	31,48	29,88	31,42
17/05/2019	29,18	30,10	29,15	30,00
16/05/2019	29,25	29,69	28,80	29,18
15/05/2019	29,48	29,70	29,13	29,25
14/05/2019	29,72	30,11	29,47	29,70
13/05/2019	29,99	30,35	29,50	29,50
10/05/2019	30,06	30,51	29,76	30,48
09/05/2019	30,00	30,09	29,40	30,00
08/05/2019	30,07	30,45	29,64	30,00
07/05/2019	29,61	30,12	29,38	30,00
06/05/2019	29,85	30,43	29,42	29,70
03/05/2019	29,23	30,18	28,86	30,18
02/05/2019	28,24	29,12	28,24	29,10
30/04/2019	28,76	28,85	28,30	28,31
29/04/2019	28,54	28,98	27,54	28,61
26/04/2019	29,55	29,60	28,54	28,54
25/04/2019	29,33	29,64	29,10	29,55
24/04/2019	29,56	29,76	29,25	29,34
23/04/2019	28,54	29,56	28,54	29,50
22/04/2019	28,07	28,76	28,06	28,54
18/04/2019	28,65	28,81	28,00	28,00
17/04/2019	28,66	28,85	28,37	28,64
16/04/2019	28,88	28,88	28,36	28,64
15/04/2019	28,72	28,93	28,41	28,73
12/04/2019	28,32	28,79	27,99	28,79
11/04/2019	28,16	28,70	27,90	28,49
10/04/2019	28,72	28,85	27,77	28,17
09/04/2019	28,95	29,07	28,57	28,70
08/04/2019	28,70	29,12	28,41	29,12
05/04/2019	28,21	28,72	27,91	28,67
04/04/2019	28,20	28,39	27,69	27,75
03/04/2019	27,80	28,49	27,70	28,19
02/04/2019	27,71	28,03	27,45	27,80
01/04/2019	27,53	27,86	27,21	27,74
29/03/2019	26,96	27,51	26,96	27,51
28/03/2019	26,87	27,21	26,39	26,83
27/03/2019	27,37	27,40	26,78	26,92
26/03/2019	27,29	27,41	26,93	27,29
25/03/2019	26,83	27,44	26,78	27,26
22/03/2019	26,49	27,12	25,99	26,87
21/03/2019	26,74	26,79	26,45	26,63
20/03/2019	26,77	26,93	26,55	26,74
19/03/2019	26,42	26,81	26,42	26,74
18/03/2019	26,04	26,39	25,98	26,39
15/03/2019	26,27	26,53	25,72	25,89
14/03/2019	26,30	26,65	25,77	26,15
13/03/2019	26,49	26,72	25,80	26,22
12/03/2019	26,81	26,98	26,17	26,49
11/03/2019	26,60	26,85	26,26	26,74
08/03/2019	25,42	26,77	25,02	26,77
07/03/2019	25,57	25,60	24,63	25,42
06/03/2019	26,67	26,89	25,15	25,68
01/03/2019	26,18	26,67	26,18	26,47
28/02/2019	26,70	26,76	25,95	26,15
27/02/2019	27,30	27,39	26,45	26,45
26/02/2019	27,54	27,81	26,97	27,55
25/02/2019	27,71	27,72	27,08	27,48
22/02/2019	27,75	28,06	27,44	27,45
21/02/2019	27,15	27,88	27,15	27,88
20/02/2019	27,12	27,27	26,54	27,26
19/02/2019	27,01	27,12	26,64	27,07
18/02/2019	27,04	27,20	26,63	26,95
15/02/2019	26,74	27,01	26,20	26,79
14/02/2019	26,79	27,33	26,45	27,04
13/02/2019	27,30	27,39	26,61	26,64
12/02/2019	26,42	27,39	26,33	27,30
11/02/2019	26,22	26,58	25,91	26,22
08/02/2019	25,60	26,22	24,95	26,22
07/02/2019	25,41	25,47	24,69	25,21
06/02/2019	25,42	25,64	25,08	25,27
05/02/2019	25,94	26,01	25,03	25,49
04/02/2019	25,71	25,96	25,28	25,71
01/02/2019	25,24	25,80	25,24	25,51
31/01/2019	25,42	25,48	24,60	25,06
30/01/2019	25,55	26,06	25,06	25,21
29/01/2019	26,15	26,33	25,30	25,39
28/01/2019	25,01	26,66	24,98	25,91
24/01/2019	25,36	25,84	25,24	25,84
23/01/2019	25,42	25,54	25,21	25,42
22/01/2019	25,30	25,55	25,13	25,45
21/01/2019	25,34	25,44	25,12	25,29
18/01/2019	24,68	25,36	24,44	25,33
17/01/2019	24,51	24,74	24,05	24,57
16/01/2019	23,66	24,53	23,66	24,39
15/01/2019	23,25	23,65	23,25	23,51
14/01/2019	23,38	23,79	23,01	23,25
11/01/2019	23,89	24,02	23,31	23,35
10/01/2019	24,37	24,43	23,83	23,83
09/01/2019	24,57	24,57	24,21	24,33
08/01/2019	24,19	24,59	24,14	24,39
07/01/2019	24,02	24,20	23,54	24,16
04/01/2019	24,46	24,46	23,59	23,92
03/01/2019	24,45	24,54	24,02	24,19
02/01/2019	24,52	24,98	24,28	24,48
28/12/2018	23,88	24,61	23,72	24,53
27/12/2018	23,63	23,89	23,49	23,89
26/12/2018	23,59	24,00	23,47	23,72
21/12/2018	23,64	23,85	23,33	23,74
20/12/2018	23,51	23,84	23,21	23,69
19/12/2018	23,30	23,71	23,05	23,48
18/12/2018	22,58	23,45	22,33	23,34
17/12/2018	22,57	22,97	22,33	22,39
14/12/2018	22,20	22,65	22,13	22,57
13/12/2018	22,28	22,39	21,90	22,33
12/12/2018	22,16	22,53	22,07	22,23
11/12/2018	22,30	22,30	21,71	22,16
10/12/2018	22,33	22,40	22,09	22,10
07/12/2018	22,05	22,44	22,03	22,30
06/12/2018	21,75	22,27	21,69	22,03
05/12/2018	22,03	22,19	21,67	21,86
04/12/2018	21,81	22,06	21,46	21,93
03/12/2018	22,08	22,32	21,61	21,65
30/11/2018	22,21	22,39	22,00	22,00
29/11/2018	22,34	22,43	21,66	22,22
28/11/2018	22,45	22,58	22,19	22,33
27/11/2018	21,93	22,51	21,93	22,48
26/11/2018	21,76	22,42	21,76	21,93
23/11/2018	21,75	22,13	21,63	21,76
22/11/2018	21,63	21,91	21,44	21,71
21/11/2018	21,28	21,66	20,87	21,66
19/11/2018	21,25	21,42	21,10	21,42
16/11/2018	20,95	21,36	20,84	21,36
14/11/2018	20,86	20,99	20,62	20,97
13/11/2018	20,34	21,07	20,26	20,86
12/11/2018	19,92	20,34	19,74	20,34
09/11/2018	19,75	20,33	19,69	19,90
08/11/2018	19,15	19,77	19,13	19,75
07/11/2018	19,95	19,95	18,78	19,10
06/11/2018	19,98	20,01	19,69	19,89
05/11/2018	20,42	20,56	19,69	19,98
01/11/2018	20,12	20,49	19,91	20,24
31/10/2018	20,85	21,31	20,85	21,13
30/10/2018	20,14	20,96	19,66	20,80
29/10/2018	20,56	20,56	19,56	19,84
26/10/2018	20,07	20,25	19,48	20,15
25/10/2018	20,35	20,63	20,06	20,37
24/10/2018	21,00	21,09	20,01	20,26
23/10/2018	20,27	21,20	19,96	20,96
22/10/2018	20,35	20,37	19,96	20,04
19/10/2018	20,12	20,33	19,85	20,12
18/10/2018	20,17	20,41	20,05	20,23
17/10/2018	19,22	20,26	19,05	20,13
16/10/2018	18,78	19,58	18,34	19,42
15/10/2018	18,45	19,08	18,28	18,46
11/10/2018	17,98	18,46	17,94	18,44
10/10/2018	17,75	18,14	17,66	17,97
09/10/2018	17,94	18,09	17,46	17,67
08/10/2018	18,96	19,17	17,82	17,95
05/10/2018	18,70	19,00	18,09	18,65
04/10/2018	18,99	19,37	18,29	18,67
03/10/2018	19,86	19,95	18,81	18,94
02/10/2018	19,51	19,83	19,43	19,61
01/10/2018	19,54	19,66	19,04	19,25
28/09/2018	19,00	19,45	18,96	19,38
27/09/2018	19,13	19,28	18,96	19,04
26/09/2018	19,10	19,24	18,95	19,10
25/09/2018	18,73	18,93	18,65	18,92
24/09/2018	19,08	19,36	18,52	18,67
21/09/2018	18,37	18,59	18,26	18,46
20/09/2018	18,27	18,51	18,14	18,35
19/09/2018	17,80	18,28	17,80	18,18
18/09/2018	18,46	18,46	17,91	17,99
17/09/2018	18,47	18,62	18,32	18,37
14/09/2018	18,33	18,82	17,89	18,37
13/09/2018	18,37	18,55	18,17	18,29
12/09/2018	18,81	18,81	18,37	18,42
11/09/2018	18,90	18,91	18,53	18,61
10/09/2018	19,10	19,23	18,82	18,95
06/09/2018	18,38	19,23	18,38	19,12
05/09/2018	17,49	18,31	17,43	18,29
04/09/2018	17,23	17,50	17,13	17,44
03/09/2018	17,32	17,63	17,22	17,35
31/08/2018	17,35	17,44	17,08	17,34
30/08/2018	17,19	17,33	17,08	17,21
29/08/2018	17,03	17,26	17,03	17,20
28/08/2018	16,95	17,20	16,95	16,98
27/08/2018	16,63	16,93	16,63	16,85
24/08/2018	16,73	17,01	16,51	16,62
23/08/2018	17,23	17,34	16,40	16,64
22/08/2018	17,26	17,46	17,18	17,21
21/08/2018	17,46	17,70	17,29	17,30
20/08/2018	17,20	17,56	16,94	17,46
17/08/2018	17,36	17,44	16,97	17,22
16/08/2018	17,46	17,46	17,11	17,35
15/08/2018	17,22	17,48	17,14	17,31
14/08/2018	16,96	17,27	16,80	17,22
13/08/2018	16,88	16,95	16,62	16,78
10/08/2018	16,95	17,19	16,80	16,86
09/08/2018	16,96	17,30	16,88	16,95
08/08/2018	16,62	17,37	16,54	17,12
07/08/2018	16,51	16,83	16,47	16,61
06/08/2018	16,19	16,51	16,19	16,36
03/08/2018	16,07	16,26	15,76	16,18
02/08/2018	15,56	16,01	15,45	16,01
01/08/2018	15,52	15,82	15,40	15,56
31/07/2018	15,49	15,62	15,43	15,57
30/07/2018	15,21	15,45	15,21	15,32
27/07/2018	15,72	15,75	15,15	15,17
26/07/2018	16,10	16,20	15,55	15,60
25/07/2018	15,83	16,08	15,67	16,08
24/07/2018	15,90	16,03	15,81	15,85
23/07/2018	15,74	15,90	15,57	15,86
20/07/2018	15,69	16,10	15,66	15,80
19/07/2018	15,36	15,66	15,06	15,65
18/07/2018	15,31	15,42	15,20	15,37
17/07/2018	15,17	15,36	14,98	15,31
16/07/2018	15,34	15,53	15,20	15,21
13/07/2018	14,89	15,53	14,87	15,31
12/07/2018	14,47	15,15	14,47	15,02
11/07/2018	14,30	14,77	14,30	14,52
10/07/2018	14,00	14,43	14,00	14,40
06/07/2018	13,97	14,20	13,94	14,01
05/07/2018	13,78	14,11	13,78	14,04
04/07/2018	13,96	14,05	13,59	13,76
03/07/2018	14,08	14,18	13,94	13,94
02/07/2018	14,00	14,21	13,97	14,08
29/06/2018	13,78	14,10	13,67	14,10
28/06/2018	13,97	13,99	13,76	13,76
27/06/2018	14,02	14,08	13,71	13,90
26/06/2018	13,82	14,00	13,82	13,96
25/06/2018	13,71	13,94	13,65	13,82
22/06/2018	13,97	14,03	13,62	13,71
21/06/2018	14,00	14,23	13,71	13,83
20/06/2018	14,40	14,41	14,07	14,09
19/06/2018	14,29	14,47	14,13	14,26
18/06/2018	14,64	14,69	14,26	14,50
15/06/2018	14,52	14,64	14,21	14,64
14/06/2018	14,40	14,58	14,31	14,52
13/06/2018	14,26	14,62	14,10	14,43
12/06/2018	14,58	14,67	14,01	14,29
11/06/2018	15,11	15,34	14,44	14,66
08/06/2018	14,85	15,02	14,61	14,99
07/06/2018	14,90	15,01	14,14	14,97
06/06/2018	14,45	14,92	14,45	14,92
05/06/2018	14,82	14,83	14,41	14,63
04/06/2018	14,48	14,86	14,43	14,86
01/06/2018	14,26	14,39	13,90	14,29
30/05/2018	13,85	14,24	13,77	14,06
29/05/2018	14,00	14,21	13,58	13,88
28/05/2018	13,87	13,99	13,49	13,91
25/05/2018	14,17	14,51	13,94	13,97
24/05/2018	13,80	14,22	13,80	14,14
23/05/2018	14,31	14,31	13,66	14,07
22/05/2018	14,05	14,40	14,05	14,32
21/05/2018	14,29	14,58	13,93	14,06
18/05/2018	14,70	14,70	13,93	14,22
17/05/2018	14,99	15,08	14,66	14,71
16/05/2018	14,79	15,17	14,79	14,91
15/05/2018	14,12	14,75	14,12	14,70
14/05/2018	14,06	14,37	14,00	14,00
11/05/2018	13,85	14,32	13,85	14,06
10/05/2018	13,94	13,94	13,49	13,83
09/05/2018	14,23	14,37	14,00	14,12
08/05/2018	14,47	14,47	14,06	14,19
07/05/2018	14,67	14,67	14,31	14,45
04/05/2018	14,15	14,67	13,46	14,67
03/05/2018	14,00	14,08	13,74	14,05
02/05/2018	13,80	13,94	13,62	13,85
30/04/2018	13,95	13,98	13,72	13,80
27/04/2018	14,23	14,23	13,80	13,95
26/04/2018	13,71	14,07	13,71	14,07
25/04/2018	13,56	13,81	13,39	13,76
24/04/2018	13,45	13,62	13,35	13,53
23/04/2018	13,71	13,84	13,45	13,46
20/04/2018	13,76	13,94	13,60	13,78
19/04/2018	13,31	13,88	13,31	13,77
18/04/2018	12,95	13,37	12,95	13,30
17/04/2018	12,54	12,93	12,50	12,88
16/04/2018	12,49	12,63	12,33	12,42
13/04/2018	12,37	12,51	12,25	12,37
12/04/2018	12,64	12,65	12,31	12,37
11/04/2018	12,57	12,80	12,56	12,64
10/04/2018	12,54	12,61	12,42	12,51
09/04/2018	12,44	12,55	12,35	12,50
06/04/2018	12,59	12,64	12,35	12,39
05/04/2018	12,48	12,54	12,44	12,51
04/04/2018	12,12	12,41	12,03	12,19
03/04/2018	12,15	12,22	12,09	12,12
02/04/2018	12,28	12,28	11,96	12,13
29/03/2018	12,25	12,34	12,17	12,21
28/03/2018	12,25	12,28	12,03	12,20
27/03/2018	12,38	12,43	12,24	12,24
26/03/2018	12,36	12,45	12,33	12,37
23/03/2018	12,35	12,52	12,21	12,26
22/03/2018	12,07	12,39	12,02	12,35
21/03/2018	12,02	12,04	11,97	12,00
20/03/2018	11,79	11,96	11,79	11,93
19/03/2018	11,44	11,86	11,41	11,76
16/03/2018	11,78	11,82	11,28	11,38
15/03/2018	12,01	12,10	11,66	11,66
14/03/2018	12,18	12,18	11,93	12,01
13/03/2018	12,16	12,24	12,02	12,24
12/03/2018	11,79	12,16	11,76	12,12
09/03/2018	11,40	11,96	11,40	11,86
08/03/2018	11,23	11,45	11,20	11,37
07/03/2018	10,93	11,20	10,93	11,18
06/03/2018	10,83	11,02	10,82	10,99
05/03/2018	10,93	10,96	10,78	10,81
02/03/2018	10,86	10,95	10,76	10,92
01/03/2018	10,86	10,97	10,76	10,81
28/02/2018	10,95	11,02	10,73	10,86
27/02/2018	10,93	11,00	10,76	10,97
26/02/2018	11,03	11,06	10,91	10,92
23/02/2018	10,95	11,08	10,92	10,93
22/02/2018	10,96	11,06	10,79	10,95
21/02/2018	10,91	11,02	10,88	10,92
20/02/2018	10,84	10,95	10,75	10,85
19/02/2018	10,92	10,97	10,72	10,77
16/02/2018	10,86	10,90	10,71	10,86
15/02/2018	10,97	10,97	10,75	10,75
14/02/2018	10,60	11,09	10,60	10,87
09/02/2018	10,92	11,08	10,52	10,58
08/02/2018	10,77	11,16	10,77	10,91
07/02/2018	10,89	10,93	10,71	10,83
06/02/2018	10,86	10,94	10,69	10,87
05/02/2018	10,66	10,95	10,56	10,92
02/02/2018	10,56	10,76	10,54	10,66
01/02/2018	10,67	10,70	10,53	10,62
31/01/2018	10,56	10,66	10,47	10,54
30/01/2018	10,52	10,52	10,25	10,45
29/01/2018	10,67	10,83	10,28	10,45
26/01/2018	10,76	11,00	10,50	10,69
24/01/2018	10,74	10,89	10,68	10,72
23/01/2018	10,61	11,00	10,61	10,67
22/01/2018	10,53	10,88	10,50	10,71
19/01/2018	10,53	10,66	10,53	10,53
18/01/2018	10,55	10,67	10,49	10,53
17/01/2018	10,60	10,63	10,50	10,53
16/01/2018	10,56	10,67	10,56	10,60
15/01/2018	10,50	10,69	10,50	10,53
12/01/2018	10,02	10,47	10,02	10,38
11/01/2018	9,82	10,10	9,77	10,10
10/01/2018	9,90	9,90	9,76	9,81
09/01/2018	9,86	9,90	9,78	9,81
08/01/2018	9,67	9,87	9,58	9,82
05/01/2018	9,49	9,71	9,46	9,67
04/01/2018	9,46	9,60	9,39	9,54
03/01/2018	9,46	9,52	9,41	9,46
02/01/2018	9,39	9,58	9,39	9,46
28/12/2017	9,46	9,56	9,35	9,54
27/12/2017	9,54	9,54	9,46	9,46
26/12/2017	9,46	9,58	9,29	9,55
22/12/2017	9,31	9,45	9,23	9,45
21/12/2017	9,26	9,35	9,21	9,30
20/12/2017	9,17	9,29	9,05	9,21
19/12/2017	9,26	9,28	9,15	9,21
18/12/2017	9,32	9,43	9,00	9,26
15/12/2017	9,43	9,51	9,27	9,27
14/12/2017	9,29	9,42	9,29	9,41
13/12/2017	9,57	9,65	9,27	9,35
12/12/2017	9,50	9,55	9,47	9,54
11/12/2017	9,42	9,54	9,32	9,51
08/12/2017	9,51	9,51	9,36	9,46
07/12/2017	9,48	9,54	9,41	9,46
06/12/2017	9,43	9,65	9,41	9,54
05/12/2017	9,54	9,60	9,44	9,44
04/12/2017	9,66	9,74	9,54	9,54
01/12/2017	9,62	9,75	9,58	9,62
30/11/2017	9,53	9,64	9,43	9,64
29/11/2017	9,50	9,54	9,41	9,53
28/11/2017	9,54	9,56	9,50	9,50
27/11/2017	9,57	9,57	9,50	9,54
24/11/2017	9,51	9,61	9,46	9,54
23/11/2017	9,57	9,61	9,49	9,51
22/11/2017	9,51	9,62	9,51	9,55
21/11/2017	9,47	9,65	9,39	9,54
17/11/2017	9,43	9,53	9,28	9,46
16/11/2017	9,45	9,55	9,40	9,43
14/11/2017	9,53	9,53	9,39	9,45
13/11/2017	9,47	9,54	9,38	9,54
10/11/2017	9,46	9,50	9,39	9,48
09/11/2017	9,54	9,57	9,39	9,51
08/11/2017	9,46	9,60	9,44	9,54
07/11/2017	9,43	9,43	9,34	9,41
06/11/2017	9,37	9,41	9,27	9,40
03/11/2017	9,32	9,33	9,19	9,26
01/11/2017	9,27	9,36	9,15	9,20
31/10/2017	9,17	9,17	9,04	9,07
30/10/2017	9,16	9,20	9,07	9,13
27/10/2017	9,13	9,27	9,03	9,17
26/10/2017	9,03	9,18	8,98	9,12
25/10/2017	9,04	9,09	8,93	9,00
24/10/2017	9,10	9,20	8,99	9,03
23/10/2017	9,27	9,30	9,08	9,10
20/10/2017	9,08	9,29	9,08	9,19
19/10/2017	8,76	9,08	8,74	9,03
18/10/2017	8,82	8,86	8,72	8,86
17/10/2017	8,80	8,85	8,72	8,77
16/10/2017	8,71	8,85	8,69	8,80
13/10/2017	8,64	8,76	8,64	8,68
11/10/2017	8,56	8,67	8,39	8,56
10/10/2017	8,53	8,57	8,39	8,51
09/10/2017	8,31	8,51	8,31	8,51
06/10/2017	8,39	8,44	8,24	8,28
05/10/2017	8,52	8,55	8,34	8,39
04/10/2017	8,57	8,57	8,39	8,51
03/10/2017	8,51	8,55	8,38	8,51
02/10/2017	8,40	8,60	8,37	8,52
29/09/2017	8,50	8,50	8,21	8,37
28/09/2017	8,53	8,67	8,30	8,41
27/09/2017	8,63	8,67	8,47	8,49
26/09/2017	8,69	8,73	8,55	8,60
25/09/2017	8,83	8,88	8,63	8,67
22/09/2017	8,70	8,82	8,65	8,82
21/09/2017	8,66	8,74	8,60	8,71
20/09/2017	8,76	8,78	8,63	8,64
19/09/2017	8,71	8,85	8,65	8,70
18/09/2017	8,80	8,88	8,66	8,71
15/09/2017	8,60	8,78	8,60	8,78
14/09/2017	8,59	8,74	8,59	8,62
13/09/2017	8,72	8,75	8,57	8,63
12/09/2017	8,73	8,84	8,71	8,71
11/09/2017	8,71	8,80	8,66	8,73
08/09/2017	8,62	8,79	8,57	8,71
06/09/2017	8,44	8,57	8,44	8,51
05/09/2017	8,30	8,43	8,28	8,38
04/09/2017	8,24	8,34	8,21	8,30
01/09/2017	8,30	8,33	8,19	8,23
31/08/2017	8,32	8,39	8,26	8,30
30/08/2017	8,39	8,40	8,22	8,38
29/08/2017	8,34	8,51	8,19	8,34
28/08/2017	8,26	8,39	8,16	8,37
25/08/2017	8,00	8,24	7,95	8,24
24/08/2017	7,82	8,02	7,67	8,02
23/08/2017	7,88	7,89	7,73	7,76
22/08/2017	7,92	7,94	7,84	7,88
21/08/2017	7,89	7,94	7,70	7,92
18/08/2017	7,83	7,90	7,75	7,88
17/08/2017	7,88	7,89	7,80	7,81
16/08/2017	7,86	7,91	7,72	7,88
15/08/2017	7,90	7,90	7,83	7,86
14/08/2017	7,90	7,90	7,76	7,86
11/08/2017	7,86	7,90	7,74	7,86
10/08/2017	7,66	7,86	7,63	7,81
09/08/2017	7,80	7,83	7,55	7,68
08/08/2017	7,96	7,96	7,75	7,79
07/08/2017	7,99	8,05	7,88	7,90
04/08/2017	8,19	8,29	7,86	7,88
03/08/2017	8,09	8,15	8,06	8,12
02/08/2017	8,13	8,15	8,05	8,15
01/08/2017	8,18	8,21	8,10	8,13
31/07/2017	7,82	8,19	7,76	8,10
