Data	Abertura	Máxima	Mínima	Fechamento
01/06/2022	3,73	3,80	3,62	3,71
31/05/2022	3,88	3,88	3,70	3,72
30/05/2022	4,03	4,11	3,78	3,84
27/05/2022	4,08	4,14	3,92	4,00
26/05/2022	3,72	4,12	3,72	4,07
25/05/2022	3,70	3,80	3,64	3,71
24/05/2022	3,61	3,71	3,58	3,71
23/05/2022	3,71	3,78	3,61	3,70
20/05/2022	3,78	3,81	3,57	3,67
19/05/2022	3,72	3,85	3,67	3,73
18/05/2022	3,96	4,03	3,70	3,72
17/05/2022	4,46	4,50	3,93	3,94
16/05/2022	4,40	4,57	4,25	4,45
13/05/2022	4,23	4,48	4,22	4,38
12/05/2022	3,83	4,21	3,74	4,18
11/05/2022	3,88	4,09	3,87	3,93
10/05/2022	4,05	4,11	3,80	3,95
09/05/2022	4,17	4,24	3,91	3,91
06/05/2022	4,41	4,47	4,25	4,30
05/05/2022	4,71	4,76	4,38	4,42
04/05/2022	4,52	4,97	4,37	4,95
03/05/2022	4,81	4,82	4,57	4,60
02/05/2022	4,91	4,97	4,74	4,80
29/04/2022	5,26	5,30	4,88	4,88
28/04/2022	5,15	5,28	4,98	5,18
27/04/2022	5,36	5,46	5,08	5,10
26/04/2022	5,40	5,47	5,18	5,18
25/04/2022	5,44	5,57	5,37	5,44
22/04/2022	5,48	5,59	5,42	5,55
20/04/2022	5,94	6,04	5,58	5,61
19/04/2022	5,85	6,02	5,76	5,94
18/04/2022	5,99	6,04	5,81	5,89
14/04/2022	6,00	6,07	5,92	6,01
13/04/2022	6,08	6,17	5,93	6,03
12/04/2022	6,32	6,40	5,96	5,97
11/04/2022	5,95	6,20	5,84	6,08
08/04/2022	6,35	6,36	6,08	6,13
07/04/2022	6,59	6,84	6,47	6,56
06/04/2022	6,81	6,83	6,45	6,62
05/04/2022	7,17	7,38	6,86	6,91
04/04/2022	7,35	7,36	7,03	7,19
01/04/2022	6,92	7,38	6,88	7,35
31/03/2022	6,93	6,99	6,76	6,82
30/03/2022	7,01	7,13	6,73	6,87
29/03/2022	6,68	7,12	6,68	7,00
28/03/2022	6,55	6,67	6,39	6,47
25/03/2022	6,63	6,80	6,34	6,54
24/03/2022	6,05	6,67	5,97	6,60
23/03/2022	5,79	6,04	5,69	6,00
22/03/2022	5,80	5,98	5,71	5,81
21/03/2022	5,84	5,96	5,65	5,72
18/03/2022	5,42	5,87	5,38	5,82
17/03/2022	5,13	5,55	5,01	5,54
16/03/2022	5,05	5,20	4,91	5,13
15/03/2022	4,80	5,02	4,65	4,87
14/03/2022	5,86	5,89	5,30	5,33
11/03/2022	6,03	6,30	5,69	5,69
10/03/2022	6,15	6,16	5,82	5,96
09/03/2022	6,23	6,52	6,17	6,23
08/03/2022	6,05	6,25	5,75	6,05
07/03/2022	6,22	6,34	5,80	5,85
04/03/2022	6,29	6,41	6,11	6,29
03/03/2022	6,33	6,48	6,15	6,31
02/03/2022	5,95	6,34	5,94	6,31
25/02/2022	6,19	6,27	5,86	6,01
24/02/2022	5,55	6,16	5,33	6,12
23/02/2022	6,14	6,49	5,91	5,91
22/02/2022	6,17	6,31	6,01	6,07
21/02/2022	6,42	6,45	6,02	6,02
18/02/2022	6,72	6,82	6,36	6,36
17/02/2022	6,81	6,93	6,59	6,63
16/02/2022	6,83	6,98	6,72	6,82
15/02/2022	6,61	6,84	6,61	6,84
14/02/2022	6,35	6,62	6,32	6,48
11/02/2022	6,98	7,02	6,30	6,35
10/02/2022	6,67	6,98	6,43	6,94
09/02/2022	6,59	6,85	6,38	6,60
08/02/2022	6,31	6,54	6,24	6,54
07/02/2022	6,33	6,60	6,23	6,31
04/02/2022	6,55	6,60	6,20	6,33
03/02/2022	6,60	6,85	6,34	6,53
02/02/2022	7,09	7,25	6,44	6,51
01/02/2022	7,00	7,33	6,88	7,01
31/01/2022	6,80	7,11	6,67	7,00
28/01/2022	7,21	7,23	6,62	6,71
27/01/2022	6,91	7,28	6,88	7,22
26/01/2022	6,95	7,08	6,60	6,75
25/01/2022	6,36	6,76	6,20	6,72
24/01/2022	6,89	7,00	6,39	6,39
21/01/2022	6,54	7,08	6,46	6,90
20/01/2022	6,36	6,81	6,35	6,65
19/01/2022	6,01	6,60	6,01	6,31
18/01/2022	6,08	6,23	5,89	5,89
17/01/2022	6,27	6,38	6,12	6,12
14/01/2022	6,11	6,42	6,08	6,33
13/01/2022	6,25	6,28	5,90	6,09
12/01/2022	5,90	6,37	5,78	6,31
11/01/2022	5,75	6,01	5,72	5,87
10/01/2022	6,14	6,15	5,74	5,74
07/01/2022	6,27	6,64	6,11	6,22
06/01/2022	6,46	6,53	6,13	6,25
05/01/2022	6,52	6,73	6,37	6,42
04/01/2022	6,78	6,94	6,45	6,61
03/01/2022	7,41	7,41	6,67	6,72
30/12/2021	6,80	7,41	6,77	7,22
29/12/2021	6,84	6,90	6,70	6,76
28/12/2021	6,79	6,96	6,64	6,83
27/12/2021	6,23	6,78	6,23	6,78
23/12/2021	6,22	6,34	5,99	6,20
22/12/2021	6,42	6,61	6,14	6,16
21/12/2021	6,42	6,61	6,22	6,42
20/12/2021	6,42	6,72	6,24	6,33
17/12/2021	6,19	6,73	6,06	6,66
16/12/2021	6,28	6,51	6,13	6,40
15/12/2021	5,71	6,24	5,62	6,17
14/12/2021	6,15	6,20	5,73	5,74
13/12/2021	6,38	6,72	6,05	6,05
10/12/2021	6,43	6,51	6,01	6,37
09/12/2021	6,76	6,76	6,21	6,28
08/12/2021	7,56	7,57	6,63	6,81
07/12/2021	7,49	7,72	7,37	7,62
06/12/2021	7,15	7,44	7,10	7,30
03/12/2021	6,78	7,28	6,72	7,05
02/12/2021	6,95	7,19	6,45	6,76
01/12/2021	8,05	8,10	6,88	6,88
30/11/2021	7,99	8,11	7,60	7,80
29/11/2021	8,19	8,47	7,98	8,04
26/11/2021	8,48	8,57	8,03	8,06
25/11/2021	8,84	9,04	8,61	8,70
24/11/2021	8,50	9,01	8,45	8,82
23/11/2021	9,00	9,05	8,47	8,60
22/11/2021	9,40	9,68	8,81	8,84
19/11/2021	9,05	9,87	8,94	9,27
18/11/2021	9,36	9,60	8,99	8,99
17/11/2021	9,91	10,14	9,19	9,27
16/11/2021	11,19	11,40	9,74	9,74
12/11/2021	12,65	12,78	11,15	11,15
11/11/2021	13,30	14,26	13,12	13,65
10/11/2021	13,20	13,54	12,82	13,02
09/11/2021	12,05	13,80	12,05	13,13
08/11/2021	12,31	12,66	11,87	11,93
05/11/2021	11,22	12,62	11,16	12,44
04/11/2021	11,50	11,82	10,93	11,08
03/11/2021	11,19	11,67	10,99	11,55
01/11/2021	10,87	11,43	10,86	11,30
29/10/2021	11,24	11,36	10,73	10,81
28/10/2021	11,49	11,76	11,07	11,15
27/10/2021	12,07	12,43	11,54	11,60
26/10/2021	12,29	12,35	11,73	11,98
25/10/2021	12,49	12,83	12,27	12,34
22/10/2021	12,35	12,95	11,86	12,42
21/10/2021	12,89	13,20	12,28	12,41
20/10/2021	13,84	13,89	13,13	13,25
19/10/2021	14,11	14,28	13,59	13,73
18/10/2021	14,39	14,44	14,02	14,28
15/10/2021	14,21	14,65	14,10	14,56
14/10/2021	14,60	14,63	14,10	14,17
13/10/2021	14,42	14,65	14,29	14,50
11/10/2021	15,04	15,06	14,35	14,38
08/10/2021	14,26	15,35	14,26	14,97
07/10/2021	14,60	14,84	14,00	14,03
06/10/2021	13,49	14,60	13,15	14,46
05/10/2021	13,80	14,13	13,54	13,68
04/10/2021	14,25	14,28	13,53	13,71
01/10/2021	14,40	14,71	14,07	14,55
30/09/2021	13,98	14,71	13,92	14,34
29/09/2021	14,30	14,51	13,87	13,94
28/09/2021	14,81	14,96	14,02	14,18
27/09/2021	15,52	15,72	14,92	15,01
24/09/2021	15,68	15,73	15,36	15,63
23/09/2021	16,40	16,52	15,81	15,87
22/09/2021	16,60	16,72	16,16	16,34
21/09/2021	16,16	16,61	15,82	16,39
20/09/2021	16,24	16,41	15,79	16,05
17/09/2021	16,31	16,77	15,86	16,57
16/09/2021	16,45	16,62	16,11	16,37
15/09/2021	17,08	17,13	16,49	16,62
14/09/2021	17,54	17,78	16,85	17,03
13/09/2021	17,59	18,04	17,43	17,44
10/09/2021	19,06	19,12	17,18	17,18
09/09/2021	18,90	19,42	17,96	18,85
08/09/2021	19,25	19,33	18,65	18,79
06/09/2021	18,86	19,50	18,76	19,48
03/09/2021	18,10	18,90	17,90	18,90
02/09/2021	18,66	18,66	17,86	18,01
01/09/2021	18,36	18,86	18,28	18,68
31/08/2021	18,75	19,06	18,14	18,24
30/08/2021	18,94	19,10	18,49	18,88
27/08/2021	18,92	19,15	18,76	19,03
26/08/2021	19,47	19,70	18,69	18,80
25/08/2021	19,12	19,56	19,03	19,55
24/08/2021	18,34	19,34	18,15	19,24
23/08/2021	19,02	19,05	18,07	18,13
20/08/2021	18,70	19,00	18,40	18,86
19/08/2021	18,58	19,08	18,11	18,95
18/08/2021	19,42	19,50	18,63	18,84
17/08/2021	19,28	19,66	18,71	19,31
16/08/2021	20,23	20,40	19,40	19,42
13/08/2021	21,10	21,17	19,88	20,27
12/08/2021	20,74	21,26	20,54	20,97
11/08/2021	20,41	20,96	20,15	20,91
10/08/2021	20,53	20,76	20,13	20,40
09/08/2021	20,57	20,88	20,43	20,49
06/08/2021	20,53	20,88	20,14	20,68
05/08/2021	20,12	20,75	19,99	20,46
04/08/2021	20,29	20,32	19,72	19,96
03/08/2021	20,60	20,65	19,72	20,43
02/08/2021	20,91	21,07	20,56	20,63
30/07/2021	21,44	21,70	20,55	20,60
29/07/2021	21,58	22,15	21,40	21,72
28/07/2021	21,59	21,78	21,22	21,53
27/07/2021	22,08	22,16	21,10	21,45
26/07/2021	22,73	22,76	22,02	22,04
23/07/2021	22,80	22,93	22,21	22,60
22/07/2021	23,39	23,52	23,05	23,25
21/07/2021	23,27	23,52	22,97	23,36
20/07/2021	23,20	23,38	22,70	23,37
19/07/2021	23,65	23,88	22,96	23,12
16/07/2021	23,82	24,34	23,81	23,90
15/07/2021	23,90	24,57	23,71	23,72
14/07/2021	22,60	22,93	22,51	22,93
13/07/2021	21,97	22,54	21,77	22,49
12/07/2021	22,06	22,40	21,95	22,10
08/07/2021	21,68	22,07	21,48	21,92
07/07/2021	21,30	22,15	21,28	22,01
06/07/2021	21,14	21,43	20,95	21,07
05/07/2021	21,49	21,59	21,12	21,37
02/07/2021	20,79	21,68	20,75	21,63
01/07/2021	21,21	21,26	20,41	20,68
30/06/2021	21,52	21,59	21,00	21,14
29/06/2021	21,52	21,68	21,04	21,66
28/06/2021	21,38	21,83	21,11	21,52
25/06/2021	21,76	21,92	21,05	21,38
24/06/2021	20,79	21,72	20,69	21,64
23/06/2021	20,94	21,21	20,50	20,57
22/06/2021	21,32	21,33	20,65	20,96
21/06/2021	21,16	21,31	20,87	21,26
18/06/2021	21,30	21,50	21,01	21,06
17/06/2021	20,29	21,36	20,07	21,30
16/06/2021	20,94	20,99	20,05	20,30
15/06/2021	20,55	21,17	20,47	20,88
14/06/2021	20,43	20,72	20,37	20,58
11/06/2021	20,27	20,47	19,98	20,37
10/06/2021	20,33	20,38	19,92	20,27
09/06/2021	21,04	21,08	20,21	20,26
08/06/2021	21,08	21,42	20,84	21,04
07/06/2021	20,93	20,98	20,56	20,79
04/06/2021	20,60	21,04	20,50	20,84
02/06/2021	20,40	21,25	20,24	20,49
01/06/2021	20,25	20,64	20,20	20,34
31/05/2021	20,25	20,39	19,97	20,15
28/05/2021	19,69	20,41	19,61	20,24
27/05/2021	19,73	19,83	19,46	19,58
26/05/2021	20,35	20,38	19,64	19,66
25/05/2021	20,19	20,65	20,01	20,01
24/05/2021	18,54	20,05	18,50	19,99
21/05/2021	18,74	18,77	18,24	18,52
20/05/2021	18,67	18,87	18,59	18,73
19/05/2021	18,75	19,11	18,53	18,67
18/05/2021	18,82	19,40	18,76	18,96
17/05/2021	19,11	19,21	18,72	18,85
14/05/2021	19,59	19,73	18,96	19,14
13/05/2021	18,80	19,24	18,72	19,12
12/05/2021	18,99	19,14	18,49	18,58
11/05/2021	18,99	19,38	18,65	19,31
10/05/2021	19,88	19,97	19,04	19,19
07/05/2021	19,57	19,89	19,32	19,88
06/05/2021	19,84	19,94	19,29	19,45
05/05/2021	19,84	20,08	19,67	19,89
04/05/2021	20,17	20,22	19,63	19,74
03/05/2021	20,10	20,24	19,89	20,17
30/04/2021	20,09	20,38	19,86	20,02
29/04/2021	20,62	20,66	19,90	20,25
28/04/2021	20,93	21,09	20,57	20,64
27/04/2021	21,59	21,64	20,92	20,94
26/04/2021	21,60	21,80	21,49	21,70
23/04/2021	21,25	21,72	21,12	21,72
22/04/2021	21,70	21,84	21,10	21,14
20/04/2021	21,63	21,79	21,41	21,59
19/04/2021	21,90	22,14	21,53	21,64
16/04/2021	22,18	22,24	21,75	21,91
15/04/2021	22,21	22,51	22,09	22,19
14/04/2021	22,34	22,34	21,86	22,11
13/04/2021	21,71	22,28	21,47	22,19
12/04/2021	21,77	21,92	21,60	21,64
09/04/2021	21,64	22,01	21,59	21,66
08/04/2021	20,22	21,89	20,20	21,84
07/04/2021	20,49	20,52	20,02	20,17
06/04/2021	20,33	20,71	20,05	20,59
05/04/2021	20,59	20,72	19,92	20,41
01/04/2021	20,27	21,01	20,04	20,43
31/03/2021	20,15	20,45	19,66	20,23
30/03/2021	19,48	20,31	19,41	20,05
29/03/2021	19,92	20,04	19,39	19,64
26/03/2021	20,39	20,69	19,69	19,97
25/03/2021	20,04	20,96	19,96	20,29
24/03/2021	21,47	21,50	20,20	20,36
23/03/2021	21,79	22,02	21,34	21,50
22/03/2021	22,39	22,72	21,44	21,90
19/03/2021	22,47	22,64	22,02	22,28
18/03/2021	23,75	23,84	22,06	22,27
17/03/2021	23,85	24,04	23,40	23,93
16/03/2021	23,81	24,37	23,59	24,14
15/03/2021	24,34	24,74	23,54	23,71
12/03/2021	24,58	24,88	24,26	24,55
11/03/2021	25,05	25,06	24,44	24,78
10/03/2021	23,74	25,07	23,46	24,88
09/03/2021	23,54	23,96	23,30	23,38
08/03/2021	24,67	24,75	23,09	23,09
05/03/2021	25,17	25,32	24,54	25,11
04/03/2021	25,09	25,68	24,86	25,42
03/03/2021	24,51	25,26	23,49	25,10
02/03/2021	24,28	24,58	23,58	24,26
01/03/2021	24,54	24,98	24,16	24,53
26/02/2021	24,07	24,94	23,97	24,17
25/02/2021	24,57	25,00	23,80	24,05
24/02/2021	24,91	25,08	24,19	24,62
23/02/2021	24,29	25,06	23,84	24,84
22/02/2021	24,22	24,50	23,65	24,24
19/02/2021	24,90	25,37	24,18	24,92
18/02/2021	25,48	25,57	24,78	25,02
17/02/2021	25,70	26,19	25,44	25,48
12/02/2021	25,50	25,96	25,33	25,89
11/02/2021	25,48	25,93	25,39	25,63
10/02/2021	26,08	26,10	25,09	25,28
09/02/2021	26,14	26,43	25,88	26,22
08/02/2021	25,83	26,38	25,50	26,14
05/02/2021	25,36	26,07	25,36	25,83
04/02/2021	25,62	26,18	25,14	25,29
03/02/2021	25,42	25,75	25,02	25,63
02/02/2021	25,28	25,71	25,18	25,28
01/02/2021	25,66	25,72	24,73	24,91
29/01/2021	25,72	26,06	25,01	25,25
28/01/2021	25,85	26,48	25,37	26,17
27/01/2021	25,70	26,37	25,33	25,77
26/01/2021	26,23	27,05	25,65	25,73
22/01/2021	25,11	26,28	25,08	25,97
21/01/2021	25,38	25,63	24,83	25,47
20/01/2021	24,17	25,51	24,11	25,40
19/01/2021	24,52	24,93	23,81	24,07
18/01/2021	24,04	24,63	23,90	24,43
15/01/2021	23,41	24,10	23,34	23,95
14/01/2021	24,14	24,15	23,49	23,72
13/01/2021	24,19	24,19	23,54	24,01
12/01/2021	23,59	24,31	23,24	24,19
11/01/2021	23,49	23,84	23,32	23,48
08/01/2021	23,18	24,29	23,01	23,83
07/01/2021	23,63	23,84	22,94	23,15
06/01/2021	24,63	24,64	23,41	23,43
05/01/2021	25,08	25,16	24,33	24,74
04/01/2021	25,24	25,56	24,85	25,18
30/12/2020	25,35	25,64	24,93	24,93
29/12/2020	25,19	25,52	24,98	25,24
28/12/2020	24,74	25,29	24,36	25,21
23/12/2020	25,21	25,59	24,93	24,93
22/12/2020	25,25	25,38	24,81	25,12
21/12/2020	23,89	25,34	23,57	24,96
18/12/2020	24,44	24,59	24,06	24,48
17/12/2020	24,82	25,07	24,32	24,50
16/12/2020	24,46	24,93	24,13	24,92
15/12/2020	24,12	24,78	23,60	24,57
14/12/2020	22,97	24,18	22,84	24,01
11/12/2020	23,06	23,49	22,69	22,96
10/12/2020	24,06	24,12	23,14	23,36
09/12/2020	24,91	25,02	23,77	23,94
08/12/2020	23,69	24,91	23,57	24,91
07/12/2020	23,62	24,23	23,39	23,76
04/12/2020	23,38	23,81	23,14	23,62
03/12/2020	23,05	23,56	22,90	23,27
02/12/2020	22,85	23,14	22,72	23,02
01/12/2020	23,61	23,73	22,57	22,85
30/11/2020	24,16	24,65	23,19	23,34
27/11/2020	24,28	24,51	23,88	24,15
26/11/2020	23,86	24,26	23,78	24,21
25/11/2020	23,63	24,27	23,48	23,96
24/11/2020	23,33	23,93	22,87	23,66
23/11/2020	24,26	24,33	23,19	23,38
20/11/2020	24,90	24,91	23,97	24,16
19/11/2020	24,49	24,68	23,78	24,60
18/11/2020	24,66	24,69	24,03	24,50
17/11/2020	24,71	25,23	24,49	24,69
16/11/2020	25,26	25,35	24,23	24,81
13/11/2020	25,72	25,74	24,82	25,06
12/11/2020	25,49	25,91	24,87	25,44
11/11/2020	25,36	26,17	25,24	25,54
10/11/2020	25,97	27,08	25,14	25,18
09/11/2020	28,11	28,27	26,31	26,41
06/11/2020	26,96	27,32	26,47	27,29
05/11/2020	26,84	27,66	26,70	27,41
04/11/2020	25,36	26,59	25,33	26,15
03/11/2020	25,24	25,35	24,71	24,95
30/10/2020	25,11	25,26	24,12	24,59
29/10/2020	24,36	25,54	23,84	25,32
28/10/2020	24,76	25,20	24,36	24,59
27/10/2020	25,49	25,71	25,08	25,41
26/10/2020	25,76	26,06	25,07	25,43
23/10/2020	26,06	26,17	25,61	25,88
22/10/2020	26,31	26,36	25,96	26,06
21/10/2020	25,96	26,76	25,92	26,18
20/10/2020	25,76	26,10	25,61	26,00
19/10/2020	26,07	26,26	25,31	25,65
16/10/2020	25,72	26,01	25,12	25,76
15/10/2020	24,98	26,03	24,96	25,47
14/10/2020	26,46	27,21	25,00	25,55
13/10/2020	24,85	26,06	24,84	25,96
09/10/2020	22,94	24,50	22,87	24,50
08/10/2020	22,42	22,97	22,24	22,93
07/10/2020	22,39	22,66	22,19	22,20
06/10/2020	22,72	22,77	22,18	22,29
05/10/2020	22,21	22,64	22,03	22,50
02/10/2020	22,73	22,91	21,87	21,98
01/10/2020	22,30	22,94	22,27	22,94
30/09/2020	21,99	22,44	21,78	22,27
29/09/2020	21,85	22,18	21,61	21,84
28/09/2020	22,87	23,04	21,72	21,83
25/09/2020	22,07	22,74	21,84	22,62
24/09/2020	21,69	22,41	21,39	22,29
23/09/2020	22,34	22,46	21,52	21,59
22/09/2020	22,37	22,51	21,84	22,34
21/09/2020	21,28	22,25	21,05	22,14
18/09/2020	21,87	22,35	21,48	21,76
17/09/2020	22,11	22,29	21,63	21,74
16/09/2020	22,42	22,69	22,12	22,26
15/09/2020	22,82	23,08	22,24	22,36
14/09/2020	22,27	22,93	22,22	22,54
11/09/2020	22,31	22,57	21,75	21,86
10/09/2020	22,81	23,39	21,72	22,03
09/09/2020	22,22	22,82	22,22	22,77
08/09/2020	21,73	22,34	21,34	21,89
04/09/2020	22,33	22,58	20,84	22,16
03/09/2020	23,42	23,54	21,77	22,09
02/09/2020	23,94	24,07	23,22	23,34
01/09/2020	23,51	24,03	23,38	23,80
31/08/2020	23,59	23,59	23,06	23,27
28/08/2020	23,09	23,61	22,94	23,61
27/08/2020	22,57	23,00	22,57	22,96
26/08/2020	21,99	22,84	21,96	22,50
25/08/2020	21,94	22,14	21,82	21,97
24/08/2020	22,01	22,24	21,62	21,74
21/08/2020	21,71	22,14	21,57	21,80
20/08/2020	22,01	22,03	21,51	21,80
19/08/2020	22,22	22,52	22,02	22,39
18/08/2020	21,34	22,42	20,97	22,34
17/08/2020	20,59	20,84	19,82	20,38
14/08/2020	20,12	20,58	20,02	20,41
13/08/2020	20,12	20,97	19,84	20,08
12/08/2020	20,30	20,50	19,77	19,98
11/08/2020	20,64	20,72	20,03	20,22
10/08/2020	21,51	21,54	20,25	20,45
07/08/2020	21,27	21,84	21,05	21,38
06/08/2020	20,97	21,52	20,84	21,45
05/08/2020	20,79	21,08	20,69	20,72
04/08/2020	20,33	20,77	20,17	20,59
03/08/2020	20,27	20,67	19,91	20,61
31/07/2020	21,02	21,16	19,97	20,15
30/07/2020	19,75	20,81	19,72	20,77
29/07/2020	20,19	20,30	19,83	20,00
28/07/2020	19,78	20,22	19,58	20,05
27/07/2020	20,11	20,43	19,57	19,79
24/07/2020	19,92	19,92	19,25	19,87
23/07/2020	21,21	21,29	19,57	20,05
22/07/2020	20,94	21,46	20,49	21,11
21/07/2020	22,12	22,32	20,87	21,02
20/07/2020	20,54	21,73	20,47	21,69
17/07/2020	20,07	20,50	20,07	20,45
16/07/2020	20,22	20,40	19,73	19,99
15/07/2020	20,27	20,42	20,16	20,32
14/07/2020	20,13	20,53	19,81	20,07
13/07/2020	20,10	20,50	20,00	20,07
10/07/2020	19,77	20,20	19,69	19,99
09/07/2020	19,20	19,84	19,01	19,80
08/07/2020	18,76	19,12	18,66	19,12
07/07/2020	17,93	18,65	17,72	18,63
06/07/2020	18,15	18,25	17,85	17,95
03/07/2020	17,50	17,97	17,28	17,95
02/07/2020	18,14	18,26	17,48	17,48
01/07/2020	17,95	18,08	17,68	18,03
30/06/2020	17,41	18,18	17,36	17,87
29/06/2020	17,50	17,56	17,04	17,56
26/06/2020	17,33	17,68	17,12	17,29
25/06/2020	17,43	17,63	17,14	17,38
24/06/2020	17,50	17,85	17,01	17,40
23/06/2020	17,84	17,98	17,52	17,52
22/06/2020	17,86	18,04	17,50	17,68
19/06/2020	17,70	17,89	17,56	17,80
18/06/2020	16,75	17,68	16,44	17,38
17/06/2020	16,56	17,12	16,44	16,75
16/06/2020	16,61	16,82	16,11	16,46
15/06/2020	15,67	16,42	15,51	16,42
12/06/2020	15,66	16,21	15,59	15,95
10/06/2020	15,71	16,22	15,24	16,11
09/06/2020	15,25	15,88	15,18	15,55
08/06/2020	14,96	15,78	14,79	15,55
05/06/2020	15,46	15,48	14,59	14,82
04/06/2020	15,37	15,50	14,96	15,08
03/06/2020	15,68	15,83	15,01	15,55
02/06/2020	16,11	16,20	15,31	15,41
01/06/2020	15,96	16,12	15,65	15,88
29/05/2020	16,28	16,38	15,96	16,05
28/05/2020	16,77	16,84	16,08	16,27
27/05/2020	16,67	16,90	16,14	16,80
26/05/2020	15,76	16,99	15,75	16,08
25/05/2020	14,76	15,21	14,68	15,06
22/05/2020	14,43	14,79	14,25	14,37
21/05/2020	14,36	14,74	14,23	14,53
20/05/2020	14,71	14,84	14,18	14,19
19/05/2020	13,95	14,77	13,89	14,61
18/05/2020	14,09	14,14	13,74	13,90
15/05/2020	13,71	14,03	13,54	13,75
14/05/2020	13,66	13,89	13,41	13,84
13/05/2020	13,86	13,95	13,57	13,74
12/05/2020	13,84	14,21	13,48	13,66
11/05/2020	13,82	14,10	13,60	13,70
08/05/2020	14,44	14,44	13,65	13,85
07/05/2020	14,09	14,51	13,31	14,16
06/05/2020	13,02	13,98	12,97	13,75
05/05/2020	13,00	13,17	12,50	12,52
04/05/2020	11,97	12,89	11,80	12,83
30/04/2020	12,43	12,85	12,25	12,39
29/04/2020	13,12	13,19	12,50	12,62
28/04/2020	12,72	12,92	12,50	12,92
27/04/2020	12,28	12,47	11,97	12,34
24/04/2020	12,07	12,26	10,64	11,81
23/04/2020	12,93	13,09	12,11	12,33
22/04/2020	12,34	13,01	12,24	12,60
20/04/2020	10,90	12,11	10,78	12,09
17/04/2020	11,64	11,69	10,95	11,12
16/04/2020	11,13	11,47	11,02	11,36
15/04/2020	10,50	11,05	10,35	10,93
14/04/2020	10,70	10,82	10,56	10,70
13/04/2020	10,25	10,50	10,14	10,45
09/04/2020	10,68	10,90	10,29	10,39
08/04/2020	10,04	10,52	9,83	10,46
07/04/2020	10,33	10,62	10,00	10,00
06/04/2020	9,57	9,82	9,28	9,52
03/04/2020	8,81	8,89	8,31	8,86
02/04/2020	9,53	9,65	8,75	8,95
01/04/2020	9,33	9,76	8,99	9,35
31/03/2020	10,59	10,77	9,68	9,72
30/03/2020	10,22	10,48	9,92	10,37
27/03/2020	9,65	10,16	9,39	9,72
26/03/2020	10,13	11,07	10,04	10,25
25/03/2020	9,20	10,81	9,16	9,97
24/03/2020	8,41	9,42	8,41	9,15
23/03/2020	8,10	8,21	7,37	7,53
20/03/2020	8,18	8,99	7,59	7,64
19/03/2020	6,86	7,82	6,23	7,62
18/03/2020	7,98	8,38	6,60	7,18
17/03/2020	9,01	9,40	8,19	8,87
16/03/2020	8,73	9,95	8,50	8,50
13/03/2020	10,60	10,66	8,53	10,47
12/03/2020	8,98	9,68	7,62	8,48
11/03/2020	11,22	11,66	9,95	10,74
10/03/2020	11,22	11,72	10,54	11,72
09/03/2020	9,73	10,56	9,67	10,06
06/03/2020	11,00	11,57	10,73	11,30
05/03/2020	12,97	12,97	11,62	11,92
04/03/2020	13,56	13,58	12,93	13,08
03/03/2020	13,14	13,66	12,88	13,18
02/03/2020	12,64	13,32	12,42	13,10
28/02/2020	12,22	12,60	11,77	12,60
27/02/2020	12,97	13,31	12,47	12,53
26/02/2020	13,23	13,48	12,91	13,19
21/02/2020	13,88	14,42	13,81	14,08
20/02/2020	14,44	14,49	13,92	14,10
19/02/2020	14,55	14,69	14,36	14,43
18/02/2020	14,52	14,74	14,34	14,52
17/02/2020	14,46	14,94	14,25	14,67
14/02/2020	14,36	14,45	13,96	14,05
13/02/2020	13,69	14,29	13,49	14,23
12/02/2020	13,60	14,10	13,53	13,95
11/02/2020	13,27	13,66	12,90	13,53
10/02/2020	13,46	13,85	12,85	13,06
07/02/2020	13,89	13,95	13,34	13,52
06/02/2020	14,46	14,50	13,91	13,92
05/02/2020	14,59	14,67	14,22	14,29
04/02/2020	14,36	14,63	14,24	14,38
03/02/2020	14,08	14,20	13,88	14,10
31/01/2020	13,87	14,25	13,76	13,91
30/01/2020	14,06	14,14	13,72	14,09
29/01/2020	14,34	14,48	14,13	14,28
28/01/2020	13,47	14,21	13,47	14,21
27/01/2020	13,73	13,79	13,40	13,41
24/01/2020	14,16	14,23	13,96	14,00
23/01/2020	13,88	14,14	13,70	14,11
22/01/2020	14,09	14,24	13,67	13,89
21/01/2020	13,89	14,15	13,87	13,94
20/01/2020	13,49	13,96	13,48	13,96
17/01/2020	13,41	13,57	13,24	13,55
16/01/2020	13,51	13,64	13,04	13,33
15/01/2020	13,38	13,55	13,27	13,38
14/01/2020	13,46	13,73	13,36	13,46
13/01/2020	13,02	13,52	13,00	13,52
10/01/2020	12,99	13,23	12,73	12,92
09/01/2020	12,59	13,02	12,57	12,99
08/01/2020	12,12	12,55	12,09	12,54
07/01/2020	12,20	12,27	12,09	12,17
06/01/2020	12,07	12,30	11,92	12,20
03/01/2020	12,09	12,30	12,04	12,19
02/01/2020	12,04	12,30	11,90	12,30
30/12/2019	12,16	12,21	11,84	11,89
27/12/2019	12,25	12,31	12,00	12,14
26/12/2019	12,16	12,23	12,12	12,23
23/12/2019	12,11	12,27	12,06	12,15
20/12/2019	12,12	12,22	11,95	12,11
19/12/2019	12,09	12,14	11,94	12,12
18/12/2019	12,00	12,21	11,88	12,09
17/12/2019	12,31	12,31	11,77	11,93
16/12/2019	12,33	12,43	12,13	12,28
13/12/2019	12,04	12,37	11,96	12,23
12/12/2019	11,95	12,05	11,84	11,92
11/12/2019	11,68	11,94	11,62	11,86
10/12/2019	11,45	11,61	11,29	11,61
09/12/2019	11,31	11,59	11,29	11,43
06/12/2019	11,22	11,36	11,16	11,31
05/12/2019	11,03	11,26	10,98	11,19
04/12/2019	11,14	11,40	10,96	10,98
03/12/2019	11,26	11,27	10,96	11,11
02/12/2019	11,33	11,38	11,09	11,19
29/11/2019	11,41	11,44	11,22	11,22
28/11/2019	11,30	11,47	11,17	11,36
27/11/2019	10,83	11,36	10,76	11,36
26/11/2019	11,01	11,04	10,59	10,72
25/11/2019	11,34	11,34	11,04	11,04
22/11/2019	11,14	11,39	11,10	11,34
21/11/2019	11,19	11,24	11,03	11,21
19/11/2019	11,21	11,28	10,85	11,09
18/11/2019	11,21	11,26	10,91	11,21
14/11/2019	10,64	11,08	10,61	11,03
13/11/2019	10,68	10,69	10,39	10,59
12/11/2019	11,26	11,33	10,73	10,81
11/11/2019	10,84	11,33	10,77	11,22
08/11/2019	10,84	11,16	10,70	10,92
07/11/2019	11,37	11,44	11,00	11,01
06/11/2019	11,09	11,29	10,84	11,26
05/11/2019	11,29	11,53	10,84	10,97
04/11/2019	12,00	12,16	11,16	11,21
01/11/2019	11,20	11,79	11,19	11,76
31/10/2019	10,80	11,12	10,61	11,12
30/10/2019	10,68	11,07	10,53	10,97
29/10/2019	10,76	10,81	10,12	10,25
28/10/2019	10,52	10,76	10,48	10,63
25/10/2019	10,81	10,84	10,47	10,47
24/10/2019	10,84	10,95	10,75	10,78
23/10/2019	10,86	10,96	10,69	10,84
22/10/2019	10,76	10,96	10,76	10,89
21/10/2019	10,80	10,85	10,57	10,74
18/10/2019	10,82	10,95	10,55	10,71
17/10/2019	10,64	11,05	10,62	10,76
16/10/2019	10,37	10,69	10,21	10,66
15/10/2019	10,52	10,67	10,27	10,42
14/10/2019	9,97	10,51	9,94	10,51
11/10/2019	9,84	10,15	9,81	10,09
10/10/2019	9,89	9,96	9,67	9,70
09/10/2019	9,54	9,89	9,54	9,88
08/10/2019	9,63	9,71	9,43	9,47
07/10/2019	9,60	9,89	9,49	9,55
04/10/2019	9,30	9,68	9,28	9,65
03/10/2019	9,10	9,28	8,97	9,28
02/10/2019	9,24	9,28	9,02	9,08
01/10/2019	9,24	9,32	9,13	9,32
30/09/2019	9,14	9,26	9,09	9,21
27/09/2019	9,10	9,16	8,99	9,16
26/09/2019	9,16	9,27	9,08	9,10
25/09/2019	9,09	9,17	8,89	9,14
24/09/2019	8,98	9,20	8,95	9,15
23/09/2019	9,10	9,10	8,89	8,95
20/09/2019	8,94	9,10	8,82	9,10
19/09/2019	8,81	9,04	8,81	8,91
18/09/2019	8,58	8,76	8,57	8,72
17/09/2019	8,49	8,75	8,42	8,67
16/09/2019	8,41	8,67	8,15	8,67
13/09/2019	8,76	8,77	8,47	8,48
12/09/2019	8,71	8,80	8,43	8,71
11/09/2019	8,38	8,62	8,25	8,61
10/09/2019	8,21	8,29	7,87	8,09
09/09/2019	8,98	9,00	8,34	8,51
06/09/2019	9,20	9,22	8,92	8,96
05/09/2019	9,33	9,40	9,12	9,13
04/09/2019	9,12	9,25	9,04	9,25
03/09/2019	9,03	9,30	8,90	8,93
02/09/2019	9,08	9,19	8,98	9,11
30/08/2019	9,35	9,44	8,93	9,03
29/08/2019	8,85	9,27	8,79	9,27
28/08/2019	8,46	8,70	8,33	8,68
27/08/2019	8,52	8,69	8,41	8,51
26/08/2019	8,67	8,71	8,27	8,38
23/08/2019	8,37	8,70	8,20	8,40
22/08/2019	9,13	9,18	8,53	8,57
21/08/2019	9,15	9,26	9,09	9,09
20/08/2019	9,37	9,37	9,01	9,09
19/08/2019	9,47	9,50	9,28	9,41
16/08/2019	9,35	9,42	9,06	9,34
15/08/2019	9,33	9,46	8,98	9,03
14/08/2019	9,30	9,52	9,10	9,19
13/08/2019	9,35	9,53	9,31	9,42
12/08/2019	9,40	9,40	8,95	9,06
09/08/2019	9,24	9,62	9,24	9,40
08/08/2019	9,13	9,29	9,09	9,24
07/08/2019	9,18	9,18	8,77	9,03
06/08/2019	8,85	9,22	8,84	9,11
05/08/2019	8,77	8,77	8,56	8,58
02/08/2019	8,73	8,86	8,63	8,82
01/08/2019	8,38	8,68	8,34	8,60
31/07/2019	8,33	8,40	8,10	8,20
30/07/2019	8,20	8,44	8,18	8,23
29/07/2019	7,84	8,22	7,79	8,20
26/07/2019	7,66	7,89	7,62	7,84
25/07/2019	7,70	7,72	7,53	7,60
24/07/2019	7,56	7,75	7,56	7,64
23/07/2019	7,74	7,76	7,51	7,53
22/07/2019	7,49	7,70	7,43	7,69
19/07/2019	7,74	7,76	7,40	7,40
18/07/2019	7,70	7,79	7,62	7,68
17/07/2019	7,37	7,80	7,37	7,60
16/07/2019	7,21	7,28	7,20	7,28
15/07/2019	7,31	7,32	7,15	7,17
12/07/2019	7,31	7,47	7,21	7,22
11/07/2019	7,33	7,33	7,13	7,18
10/07/2019	7,19	7,34	7,19	7,26
08/07/2019	7,03	7,19	7,00	7,13
05/07/2019	6,90	7,10	6,86	7,03
04/07/2019	6,92	6,97	6,88	6,88
03/07/2019	6,59	6,87	6,57	6,87
02/07/2019	6,55	6,61	6,50	6,61
01/07/2019	6,59	6,64	6,50	6,54
28/06/2019	6,51	6,57	6,45	6,57
27/06/2019	6,48	6,51	6,39	6,49
26/06/2019	6,47	6,53	6,44	6,48
25/06/2019	6,50	6,56	6,42	6,42
24/06/2019	6,60	6,65	6,49	6,53
21/06/2019	6,56	6,65	6,56	6,61
19/06/2019	6,44	6,56	6,38	6,53
18/06/2019	6,55	6,61	6,44	6,47
17/06/2019	6,60	6,72	6,43	6,45
14/06/2019	6,50	6,69	6,39	6,58
13/06/2019	6,41	6,54	6,39	6,52
12/06/2019	6,41	6,41	6,25	6,32
11/06/2019	6,34	6,51	6,33	6,44
10/06/2019	6,17	6,36	6,11	6,30
07/06/2019	5,93	6,17	5,92	6,17
06/06/2019	6,03	6,03	5,85	5,91
05/06/2019	6,10	6,13	5,85	5,95
04/06/2019	6,16	6,19	5,97	6,05
03/06/2019	6,13	6,18	6,02	6,06
31/05/2019	5,97	6,10	5,96	6,10
30/05/2019	5,91	6,05	5,90	6,00
29/05/2019	5,92	6,08	5,82	5,89
28/05/2019	5,61	5,88	5,60	5,88
27/05/2019	5,63	5,66	5,54	5,54
24/05/2019	5,67	5,71	5,47	5,50
23/05/2019	5,53	5,67	5,45	5,61
22/05/2019	5,63	5,73	5,54	5,61
21/05/2019	5,47	5,65	5,46	5,58
20/05/2019	5,29	5,45	5,26	5,38
17/05/2019	5,13	5,37	5,13	5,25
16/05/2019	5,35	5,37	5,19	5,19
15/05/2019	5,48	5,48	5,34	5,38
14/05/2019	5,69	5,75	5,54	5,54
13/05/2019	5,74	5,76	5,60	5,60
10/05/2019	5,82	5,87	5,63	5,80
09/05/2019	6,00	6,00	5,78	5,78
08/05/2019	5,97	6,08	5,97	6,02
07/05/2019	6,27	6,29	5,95	5,98
06/05/2019	6,06	6,25	6,03	6,23
03/05/2019	5,94	6,19	5,94	6,10
02/05/2019	5,87	5,99	5,84	5,93
30/04/2019	5,71	5,95	5,69	5,95
29/04/2019	5,57	5,60	5,51	5,55
26/04/2019	5,47	5,60	5,45	5,56
25/04/2019	5,32	5,44	5,29	5,44
24/04/2019	5,31	5,38	5,24	5,36
23/04/2019	5,22	5,33	5,22	5,32
22/04/2019	5,28	5,29	5,17	5,20
18/04/2019	5,00	5,33	4,99	5,31
17/04/2019	5,09	5,12	4,93	4,97
16/04/2019	5,08	5,15	5,03	5,06
15/04/2019	5,15	5,18	5,04	5,07
12/04/2019	5,09	5,23	5,04	5,11
11/04/2019	5,22	5,22	5,09	5,15
10/04/2019	5,18	5,23	5,14	5,23
09/04/2019	5,16	5,22	5,07	5,16
08/04/2019	5,27	5,28	5,12	5,17
05/04/2019	5,25	5,30	5,20	5,27
04/04/2019	5,27	5,32	5,20	5,24
03/04/2019	5,21	5,36	5,18	5,25
02/04/2019	5,34	5,35	5,13	5,16
01/04/2019	5,40	5,42	5,31	5,31
29/03/2019	5,34	5,40	5,31	5,36
28/03/2019	5,24	5,35	5,12	5,30
27/03/2019	5,43	5,43	5,16	5,21
26/03/2019	5,43	5,48	5,39	5,48
25/03/2019	5,39	5,47	5,29	5,37
22/03/2019	5,58	5,64	5,36	5,38
21/03/2019	5,60	5,65	5,55	5,65
20/03/2019	5,61	5,66	5,56	5,64
19/03/2019	5,58	5,67	5,56	5,61
18/03/2019	5,49	5,63	5,47	5,60
15/03/2019	5,52	5,54	5,45	5,50
14/03/2019	5,49	5,54	5,45	5,48
13/03/2019	5,53	5,57	5,45	5,50
12/03/2019	5,62	5,63	5,52	5,55
11/03/2019	5,61	5,70	5,53	5,66
08/03/2019	5,46	5,69	5,39	5,61
07/03/2019	5,32	5,52	5,29	5,50
06/03/2019	5,43	5,44	5,31	5,32
01/03/2019	5,43	5,55	5,37	5,44
28/02/2019	5,46	5,49	5,28	5,38
27/02/2019	5,54	5,57	5,42	5,46
26/02/2019	5,37	5,58	5,31	5,54
25/02/2019	5,55	5,58	5,39	5,39
22/02/2019	5,27	5,62	5,15	5,52
21/02/2019	5,09	5,10	4,95	5,00
20/02/2019	5,33	5,33	5,03	5,04
19/02/2019	5,21	5,34	5,20	5,26
18/02/2019	5,08	5,23	5,04	5,23
15/02/2019	5,26	5,27	5,09	5,09
14/02/2019	5,04	5,31	4,96	5,30
13/02/2019	5,14	5,15	4,91	5,00
12/02/2019	5,18	5,22	5,07	5,11
11/02/2019	5,27	5,27	5,10	5,13
08/02/2019	5,21	5,27	5,11	5,27
07/02/2019	5,29	5,44	5,18	5,18
06/02/2019	5,41	5,41	5,23	5,27
05/02/2019	5,49	5,50	5,42	5,45
04/02/2019	5,51	5,53	5,41	5,49
01/02/2019	5,55	5,60	5,46	5,55
31/01/2019	5,51	5,62	5,39	5,56
30/01/2019	5,58	5,65	5,37	5,47
29/01/2019	5,22	5,58	5,21	5,53
28/01/2019	5,15	5,23	5,09	5,19
24/01/2019	5,29	5,31	5,12	5,20
23/01/2019	5,09	5,28	5,05	5,26
22/01/2019	5,06	5,18	4,98	5,03
21/01/2019	5,40	5,41	5,18	5,18
18/01/2019	5,45	5,49	5,38	5,40
17/01/2019	5,40	5,47	5,36	5,41
16/01/2019	5,49	5,52	5,37	5,43
15/01/2019	5,58	5,61	5,45	5,49
14/01/2019	5,52	5,58	5,46	5,55
11/01/2019	5,62	5,63	5,51	5,51
10/01/2019	5,55	5,62	5,52	5,61
09/01/2019	5,62	5,65	5,52	5,56
08/01/2019	5,63	5,66	5,55	5,58
07/01/2019	5,52	5,66	5,50	5,62
04/01/2019	5,71	5,72	5,53	5,54
03/01/2019	5,74	5,76	5,56	5,71
02/01/2019	5,60	5,77	5,55	5,77
28/12/2018	5,45	5,60	5,45	5,60
27/12/2018	5,49	5,54	5,37	5,38
26/12/2018	5,63	5,63	5,46	5,47
21/12/2018	5,47	5,65	5,45	5,65
20/12/2018	5,52	5,57	5,35	5,51
19/12/2018	5,45	5,59	5,45	5,48
18/12/2018	5,28	5,44	5,25	5,44
17/12/2018	5,28	5,32	5,24	5,26
14/12/2018	5,22	5,34	5,19	5,28
13/12/2018	5,20	5,25	5,18	5,18
12/12/2018	5,10	5,20	5,10	5,20
11/12/2018	5,04	5,09	4,98	5,09
10/12/2018	5,09	5,13	4,96	4,97
07/12/2018	5,09	5,17	5,04	5,09
06/12/2018	5,03	5,14	5,00	5,12
05/12/2018	5,10	5,15	5,06	5,10
04/12/2018	5,05	5,19	4,97	5,10
03/12/2018	5,20	5,21	4,97	5,02
30/11/2018	5,24	5,29	5,09	5,09
29/11/2018	5,15	5,31	5,04	5,30
28/11/2018	5,17	5,36	5,14	5,26
27/11/2018	4,96	5,22	4,92	5,22
26/11/2018	5,07	5,13	4,89	4,89
23/11/2018	4,96	5,09	4,96	5,02
22/11/2018	4,80	4,95	4,80	4,95
21/11/2018	4,79	4,85	4,71	4,80
19/11/2018	4,86	4,88	4,77	4,83
16/11/2018	4,85	4,88	4,80	4,84
14/11/2018	4,78	4,84	4,63	4,81
13/11/2018	4,79	4,91	4,72	4,75
12/11/2018	4,55	4,81	4,50	4,75
09/11/2018	4,58	4,59	4,43	4,53
08/11/2018	4,66	4,76	4,56	4,57
07/11/2018	5,01	5,02	4,51	4,67
06/11/2018	5,15	5,17	4,86	4,90
05/11/2018	5,27	5,36	5,21	5,35
01/11/2018	5,26	5,29	5,17	5,26
31/10/2018	5,26	5,32	5,13	5,22
30/10/2018	5,20	5,24	5,09	5,24
29/10/2018	5,32	5,37	5,06	5,15
26/10/2018	5,22	5,22	5,08	5,16
25/10/2018	5,25	5,28	5,11	5,20
24/10/2018	5,26	5,30	5,20	5,20
23/10/2018	5,13	5,30	5,08	5,23
22/10/2018	5,26	5,38	5,17	5,17
19/10/2018	5,02	5,32	4,98	5,23
18/10/2018	5,00	5,00	4,91	4,98
17/10/2018	4,87	5,04	4,82	5,00
16/10/2018	4,73	4,96	4,69	4,93
15/10/2018	4,73	4,79	4,61	4,64
11/10/2018	4,52	4,70	4,52	4,66
10/10/2018	4,59	4,64	4,44	4,44
09/10/2018	4,58	4,70	4,54	4,65
08/10/2018	4,61	4,68	4,55	4,60
05/10/2018	4,41	4,46	4,33	4,39
04/10/2018	4,22	4,33	4,13	4,32
03/10/2018	4,24	4,35	4,24	4,31
02/10/2018	3,86	4,06	3,85	4,03
01/10/2018	3,82	3,86	3,74	3,79
28/09/2018	3,82	3,88	3,78	3,79
27/09/2018	3,81	3,91	3,81	3,84
26/09/2018	3,81	3,87	3,77	3,78
25/09/2018	3,66	3,87	3,65	3,81
24/09/2018	3,81	3,81	3,71	3,76
21/09/2018	3,70	3,88	3,68	3,84
20/09/2018	3,77	3,78	3,62	3,67
19/09/2018	3,81	3,82	3,68	3,68
18/09/2018	3,67	3,87	3,66	3,85
17/09/2018	3,59	3,69	3,57	3,68
14/09/2018	3,57	3,64	3,54	3,59
13/09/2018	3,71	3,71	3,55	3,57
12/09/2018	3,74	3,76	3,66	3,69
11/09/2018	3,69	3,74	3,66	3,69
10/09/2018	3,90	3,94	3,68	3,77
06/09/2018	3,84	3,89	3,79	3,87
05/09/2018	3,64	3,80	3,62	3,77
04/09/2018	3,92	3,92	3,64	3,65
03/09/2018	3,99	3,99	3,89	3,91
31/08/2018	4,02	4,03	3,95	4,03
30/08/2018	4,07	4,13	3,93	3,95
29/08/2018	4,03	4,13	4,03	4,09
28/08/2018	4,07	4,12	3,92	4,00
27/08/2018	4,13	4,17	4,05	4,07
24/08/2018	4,18	4,20	4,06	4,08
23/08/2018	4,16	4,25	4,07	4,11
22/08/2018	4,14	4,20	4,02	4,15
21/08/2018	4,27	4,35	4,05	4,10
20/08/2018	4,14	4,28	4,12	4,28
17/08/2018	4,21	4,24	4,08	4,14
16/08/2018	4,39	4,39	4,22	4,22
15/08/2018	4,33	4,34	4,26	4,29
14/08/2018	4,41	4,42	4,36	4,39
13/08/2018	4,31	4,38	4,23	4,36
10/08/2018	4,49	4,51	4,29	4,30
09/08/2018	4,36	4,55	4,29	4,55
08/08/2018	4,48	4,50	4,32	4,33
07/08/2018	4,59	4,59	4,46	4,51
06/08/2018	4,25	4,28	4,19	4,27
03/08/2018	4,24	4,27	4,19	4,24
02/08/2018	4,16	4,23	4,16	4,23
01/08/2018	4,09	4,18	4,07	4,15
31/07/2018	4,01	4,09	3,99	4,09
30/07/2018	4,01	4,08	4,00	4,02
27/07/2018	4,09	4,12	4,01	4,02
26/07/2018	4,14	4,14	4,04	4,07
25/07/2018	4,16	4,19	4,07	4,12
24/07/2018	4,06	4,15	4,06	4,14
23/07/2018	4,03	4,05	3,97	4,02
20/07/2018	4,08	4,11	4,00	4,05
19/07/2018	3,94	3,99	3,84	3,99
18/07/2018	4,11	4,18	3,92	3,93
17/07/2018	3,95	4,10	3,93	4,08
16/07/2018	3,90	3,98	3,87	3,95
13/07/2018	3,82	3,95	3,80	3,89
12/07/2018	3,65	3,82	3,59	3,82
11/07/2018	3,62	3,72	3,51	3,54
10/07/2018	3,81	3,83	3,64	3,65
06/07/2018	3,74	3,78	3,58	3,77
05/07/2018	3,87	3,87	3,69	3,71
04/07/2018	3,89	3,91	3,83	3,85
03/07/2018	3,92	3,95	3,83	3,85
02/07/2018	3,94	3,99	3,87	3,88
29/06/2018	3,87	3,98	3,86	3,96
28/06/2018	3,76	3,87	3,76	3,82
27/06/2018	3,83	3,85	3,75	3,76
26/06/2018	3,82	3,87	3,78	3,83
25/06/2018	3,82	3,85	3,72	3,80
22/06/2018	3,84	3,86	3,77	3,80
21/06/2018	3,77	3,87	3,75	3,76
20/06/2018	3,87	4,01	3,77	3,77
19/06/2018	3,60	3,86	3,57	3,83
18/06/2018	3,66	3,70	3,59	3,64
15/06/2018	3,74	3,75	3,56	3,71
14/06/2018	3,50	3,74	3,50	3,69
13/06/2018	3,44	3,51	3,36	3,48
12/06/2018	3,33	3,46	3,29	3,40
11/06/2018	3,33	3,43	3,25	3,29
08/06/2018	3,38	3,39	3,08	3,26
07/06/2018	3,51	3,51	2,95	3,29
06/06/2018	3,73	3,73	3,53	3,54
05/06/2018	3,74	3,79	3,68	3,74
04/06/2018	3,60	3,90	3,60	3,85
01/06/2018	3,43	3,59	3,39	3,57
30/05/2018	3,29	3,40	3,25	3,35
29/05/2018	3,34	3,41	3,21	3,23
28/05/2018	3,41	3,44	3,22	3,25
25/05/2018	3,50	3,52	3,45	3,47
24/05/2018	3,37	3,51	3,34	3,50
23/05/2018	3,48	3,51	3,40	3,46
22/05/2018	3,40	3,53	3,39	3,53
21/05/2018	3,36	3,44	3,35	3,39
18/05/2018	3,34	3,34	3,17	3,25
17/05/2018	3,47	3,51	3,32	3,38
16/05/2018	3,28	3,53	3,28	3,47
15/05/2018	3,35	3,42	3,27	3,29
14/05/2018	3,39	3,42	3,26	3,35
11/05/2018	3,39	3,44	3,30	3,36
10/05/2018	3,48	3,54	3,39	3,39
09/05/2018	3,43	3,54	3,34	3,48
08/05/2018	3,24	3,43	3,17	3,43
07/05/2018	3,05	3,08	2,99	3,00
04/05/2018	3,03	3,09	2,96	3,02
03/05/2018	3,20	3,21	2,99	3,01
02/05/2018	3,31	3,32	3,17	3,17
30/04/2018	3,25	3,33	3,25	3,30
27/04/2018	3,25	3,30	3,21	3,26
26/04/2018	3,14	3,25	3,12	3,23
25/04/2018	3,09	3,15	3,05	3,14
24/04/2018	3,08	3,16	3,06	3,13
23/04/2018	3,00	3,09	2,98	3,09
20/04/2018	2,91	3,02	2,91	3,00
19/04/2018	2,98	2,99	2,91	2,92
18/04/2018	3,03	3,04	2,95	2,96
17/04/2018	3,00	3,02	2,97	3,00
16/04/2018	3,03	3,06	2,96	2,97
13/04/2018	3,04	3,06	3,01	3,03
12/04/2018	2,96	3,10	2,96	3,07
11/04/2018	2,92	2,99	2,89	2,99
10/04/2018	3,02	3,03	2,89	2,93
09/04/2018	3,03	3,05	2,93	2,98
06/04/2018	3,04	3,05	3,01	3,03
05/04/2018	3,07	3,07	3,01	3,05
04/04/2018	2,99	2,99	2,84	2,98
03/04/2018	3,05	3,07	2,99	2,99
02/04/2018	3,04	3,08	2,99	3,02
29/03/2018	3,03	3,05	3,00	3,02
28/03/2018	2,98	3,03	2,93	2,99
27/03/2018	3,11	3,14	2,97	2,98
26/03/2018	2,96	3,09	2,95	3,09
23/03/2018	2,93	2,98	2,92	2,93
22/03/2018	2,87	2,96	2,84	2,94
21/03/2018	2,79	2,87	2,78	2,87
20/03/2018	2,82	2,84	2,77	2,78
19/03/2018	2,80	2,84	2,77	2,80
16/03/2018	2,82	2,87	2,79	2,86
15/03/2018	2,76	2,82	2,73	2,81
14/03/2018	2,83	2,84	2,75	2,77
13/03/2018	2,87	2,89	2,78	2,82
12/03/2018	2,84	2,88	2,81	2,86
09/03/2018	2,72	2,84	2,70	2,80
08/03/2018	2,75	2,75	2,66	2,72
07/03/2018	2,76	2,78	2,71	2,78
06/03/2018	2,82	2,84	2,73	2,75
05/03/2018	2,86	2,86	2,78	2,79
02/03/2018	2,82	2,87	2,78	2,86
01/03/2018	2,81	2,86	2,77	2,84
28/02/2018	2,81	2,87	2,76	2,81
27/02/2018	2,90	2,93	2,81	2,82
26/02/2018	2,69	2,91	2,68	2,91
23/02/2018	2,66	2,70	2,63	2,68
22/02/2018	2,49	2,52	2,47	2,51
21/02/2018	2,56	2,59	2,45	2,45
20/02/2018	2,51	2,56	2,47	2,56
19/02/2018	2,46	2,54	2,44	2,54
16/02/2018	2,47	2,51	2,38	2,43
15/02/2018	2,33	2,44	2,33	2,44
14/02/2018	2,30	2,30	2,23	2,30
09/02/2018	2,36	2,38	2,23	2,28
08/02/2018	2,47	2,48	2,34	2,35
07/02/2018	2,52	2,52	2,43	2,44
06/02/2018	2,43	2,52	2,41	2,52
05/02/2018	2,58	2,58	2,49	2,49
02/02/2018	2,64	2,64	2,58	2,59
01/02/2018	2,60	2,65	2,60	2,65
31/01/2018	2,65	2,66	2,60	2,61
30/01/2018	2,61	2,67	2,57	2,61
29/01/2018	2,53	2,61	2,50	2,61
26/01/2018	2,53	2,61	2,50	2,55
24/01/2018	2,31	2,50	2,31	2,50
23/01/2018	2,37	2,38	2,30	2,31
22/01/2018	2,40	2,40	2,34	2,38
19/01/2018	2,40	2,43	2,37	2,37
18/01/2018	2,44	2,44	2,36	2,39
17/01/2018	2,44	2,46	2,41	2,43
16/01/2018	2,44	2,47	2,41	2,43
15/01/2018	2,41	2,44	2,40	2,43
12/01/2018	2,37	2,42	2,36	2,39
11/01/2018	2,42	2,43	2,38	2,40
10/01/2018	2,36	2,42	2,33	2,39
09/01/2018	2,45	2,46	2,35	2,37
08/01/2018	2,42	2,47	2,42	2,43
05/01/2018	2,48	2,50	2,42	2,43
04/01/2018	2,47	2,48	2,45	2,47
03/01/2018	2,44	2,51	2,39	2,42
02/01/2018	2,50	2,54	2,42	2,45
28/12/2017	2,43	2,48	2,40	2,48
27/12/2017	2,36	2,41	2,36	2,39
26/12/2017	2,26	2,34	2,24	2,33
22/12/2017	2,21	2,29	2,18	2,25
21/12/2017	2,15	2,26	2,14	2,23
20/12/2017	2,08	2,16	2,05	2,15
19/12/2017	2,12	2,13	2,04	2,05
18/12/2017	2,19	2,20	2,10	2,11
15/12/2017	2,14	2,15	2,10	2,13
14/12/2017	2,08	2,16	2,05	2,12
13/12/2017	2,18	2,23	2,11	2,11
12/12/2017	2,06	2,14	2,05	2,14
11/12/2017	2,19	2,25	2,13	2,14
08/12/2017	2,04	2,16	2,03	2,15
07/12/2017	1,76	1,99	1,75	1,98
06/12/2017	1,76	1,80	1,74	1,79
05/12/2017	1,76	1,80	1,73	1,77
04/12/2017	1,81	1,81	1,76	1,77
01/12/2017	1,75	1,82	1,70	1,79
30/11/2017	1,79	1,79	1,68	1,74
29/11/2017	1,81	1,83	1,77	1,79
28/11/2017	1,84	1,87	1,79	1,80
27/11/2017	1,90	1,91	1,81	1,83
24/11/2017	1,81	1,89	1,79	1,89
23/11/2017	1,84	1,84	1,78	1,80
22/11/2017	1,86	1,88	1,76	1,85
21/11/2017	1,85	1,88	1,84	1,86
17/11/2017	1,80	1,84	1,78	1,82
16/11/2017	1,73	1,81	1,71	1,75
14/11/2017	1,59	1,70	1,59	1,69
13/11/2017	1,51	1,60	1,46	1,57
10/11/2017	1,59	1,64	1,47	1,51
09/11/2017	1,70	1,70	1,57	1,59
08/11/2017	1,60	1,69	1,59	1,69
07/11/2017	1,71	1,71	1,57	1,58
06/11/2017	1,92	1,92	1,75	1,75
03/11/2017	2,06	2,07	1,86	1,89
01/11/2017	2,12	2,13	2,05	2,06
31/10/2017	1,96	1,99	1,90	1,96
30/10/2017	1,97	1,97	1,87	1,94
27/10/2017	2,02	2,10	1,94	1,96
26/10/2017	2,12	2,13	1,98	2,02
25/10/2017	2,13	2,14	2,07	2,11
24/10/2017	2,15	2,18	2,04	2,11
23/10/2017	2,23	2,26	2,11	2,12
20/10/2017	2,18	2,23	2,15	2,22
19/10/2017	2,18	2,22	2,07	2,15
18/10/2017	2,02	2,17	1,99	2,17
17/10/2017	2,15	2,18	1,85	1,96
16/10/2017	2,25	2,29	2,12	2,13
13/10/2017	2,12	2,25	2,11	2,23
11/10/2017	2,43	2,46	2,36	2,36
10/10/2017	2,41	2,45	2,38	2,44
09/10/2017	2,47	2,48	2,37	2,39
06/10/2017	2,39	2,46	2,35	2,45
05/10/2017	2,44	2,46	2,37	2,41
04/10/2017	2,41	2,44	2,38	2,44
03/10/2017	2,41	2,47	2,33	2,42
02/10/2017	2,33	2,40	2,29	2,39
29/09/2017	2,14	2,29	2,13	2,28
28/09/2017	2,21	2,24	2,12	2,17
27/09/2017	2,27	2,28	2,09	2,10
26/09/2017	2,21	2,31	2,10	2,27
25/09/2017	2,27	2,31	2,19	2,20
22/09/2017	2,37	2,39	2,29	2,30
21/09/2017	2,32	2,35	2,23	2,34
20/09/2017	2,48	2,48	2,29	2,32
19/09/2017	2,47	2,56	2,41	2,42
18/09/2017	2,62	2,62	2,37	2,49
15/09/2017	2,59	2,67	2,54	2,55
14/09/2017	2,24	2,53	2,23	2,52
13/09/2017	2,16	2,24	2,03	2,22
12/09/2017	2,12	2,22	1,95	2,12
11/09/2017	2,51	2,53	2,36	2,40
08/09/2017	2,65	2,68	2,39	2,42
06/09/2017	2,66	2,67	2,56	2,62
05/09/2017	2,45	2,65	2,41	2,52
04/09/2017	2,17	2,39	2,13	2,39
01/09/2017	2,22	2,32	2,15	2,16
31/08/2017	1,99	2,19	1,99	2,18
30/08/2017	1,91	2,00	1,90	1,98
29/08/2017	1,88	1,91	1,87	1,90
28/08/2017	1,84	1,92	1,84	1,90
25/08/2017	1,84	1,86	1,81	1,84
24/08/2017	1,77	1,85	1,76	1,83
23/08/2017	1,77	1,78	1,73	1,78
22/08/2017	1,83	1,84	1,77	1,80
21/08/2017	1,77	1,84	1,77	1,82
18/08/2017	1,66	1,80	1,63	1,76
17/08/2017	1,95	1,95	1,70	1,73
16/08/2017	1,77	1,88	1,76	1,88
15/08/2017	1,74	1,78	1,72	1,74
14/08/2017	1,59	1,72	1,58	1,71
11/08/2017	1,52	1,59	1,52	1,59
10/08/2017	1,56	1,58	1,51	1,52
09/08/2017	1,50	1,58	1,49	1,56
08/08/2017	1,54	1,55	1,48	1,51
07/08/2017	1,51	1,56	1,51	1,54
04/08/2017	1,44	1,51	1,42	1,51
03/08/2017	1,45	1,45	1,41	1,43
02/08/2017	1,41	1,44	1,39	1,43
01/08/2017	1,48	1,48	1,41	1,42
31/07/2017	1,44	1,46	1,38	1,41
28/07/2017	1,32	1,41	1,32	1,41
27/07/2017	1,34	1,34	1,31	1,34
26/07/2017	1,33	1,34	1,31	1,32
25/07/2017	1,30	1,34	1,29	1,33
24/07/2017	1,31	1,32	1,28	1,29
21/07/2017	1,34	1,35	1,29	1,29
20/07/2017	1,32	1,35	1,32	1,34
19/07/2017	1,35	1,36	1,30	1,32
18/07/2017	1,29	1,34	1,29	1,32
17/07/2017	1,21	1,27	1,21	1,27
14/07/2017	1,16	1,22	1,16	1,21
13/07/2017	1,22	1,23	1,15	1,16
12/07/2017	1,18	1,22	1,18	1,21
11/07/2017	1,15	1,17	1,14	1,17
10/07/2017	1,10	1,14	1,09	1,14
07/07/2017	0,99	1,10	0,99	1,10
06/07/2017	0,99	1,00	0,99	1,00
05/07/2017	0,99	1,00	0,99	1,00
04/07/2017	1,00	1,00	0,99	1,00
03/07/2017	0,98	1,00	0,98	1,00
30/06/2017	0,95	0,99	0,95	0,98
29/06/2017	0,93	0,96	0,93	0,95
28/06/2017	0,95	0,95	0,92	0,92
27/06/2017	0,96	0,97	0,93	0,94
26/06/2017	0,94	0,97	0,94	0,96
23/06/2017	0,93	0,95	0,91	0,94
22/06/2017	0,95	0,95	0,92	0,92
21/06/2017	0,96	0,97	0,93	0,94
20/06/2017	0,99	0,99	0,94	0,94
19/06/2017	0,98	1,00	0,98	0,99
16/06/2017	0,99	0,99	0,95	0,99
14/06/2017	0,98	1,00	0,98	0,99
13/06/2017	0,96	0,98	0,94	0,98
12/06/2017	0,96	0,99	0,95	0,95
09/06/2017	0,99	1,00	0,96	0,97
08/06/2017	0,96	1,00	0,95	0,99
07/06/2017	0,92	0,96	0,91	0,96
06/06/2017	0,91	0,92	0,87	0,91
05/06/2017	0,92	0,93	0,91	0,91
02/06/2017	0,96	0,97	0,92	0,93
01/06/2017	0,97	0,99	0,93	0,95
31/05/2017	1,00	1,02	0,96	0,96
30/05/2017	0,99	1,01	0,99	1,00
29/05/2017	0,97	1,00	0,97	0,99
26/05/2017	0,97	0,98	0,96	0,98
25/05/2017	0,96	0,98	0,94	0,95
24/05/2017	0,94	0,97	0,94	0,96
23/05/2017	0,88	0,94	0,85	0,93
22/05/2017	0,94	0,95	0,85	0,85
19/05/2017	0,96	1,00	0,95	0,95
18/05/2017	0,95	0,96	0,88	0,90
17/05/2017	1,08	1,08	1,06	1,08
16/05/2017	1,05	1,08	1,05	1,08
15/05/2017	1,02	1,05	1,00	1,05
12/05/2017	1,01	1,04	0,99	1,02
11/05/2017	1,00	1,05	1,00	1,01
10/05/2017	1,05	1,07	1,05	1,07
09/05/2017	1,01	1,04	1,01	1,04
08/05/2017	0,97	1,02	0,94	1,01
05/05/2017	0,98	1,05	0,97	0,99
04/05/2017	0,87	0,89	0,86	0,87
03/05/2017	0,88	0,89	0,86	0,88
02/05/2017	0,87	0,89	0,85	0,88
28/04/2017	0,85	0,91	0,84	0,85
27/04/2017	0,81	0,85	0,81	0,85
26/04/2017	0,80	0,82	0,80	0,81
25/04/2017	0,80	0,82	0,80	0,80
24/04/2017	0,82	0,86	0,79	0,80
20/04/2017	0,79	0,82	0,78	0,82
19/04/2017	0,75	0,79	0,75	0,79
18/04/2017	0,71	0,75	0,71	0,75
17/04/2017	0,66	0,72	0,65	0,72
13/04/2017	0,69	0,70	0,65	0,66
12/04/2017	0,71	0,71	0,68	0,69
11/04/2017	0,71	0,72	0,69	0,72
10/04/2017	0,71	0,71	0,70	0,71
07/04/2017	0,71	0,72	0,71	0,72
06/04/2017	0,71	0,72	0,71	0,72
05/04/2017	0,71	0,71	0,69	0,71
04/04/2017	0,70	0,72	0,69	0,70
03/04/2017	0,68	0,71	0,68	0,70
31/03/2017	0,69	0,72	0,68	0,68
30/03/2017	0,68	0,69	0,67	0,69
29/03/2017	0,68	0,69	0,67	0,69
28/03/2017	0,70	0,70	0,67	0,67
27/03/2017	0,68	0,69	0,67	0,69
24/03/2017	0,73	0,73	0,69	0,70
23/03/2017	0,70	0,72	0,70	0,72
22/03/2017	0,70	0,71	0,69	0,70
21/03/2017	0,75	0,75	0,70	0,70
20/03/2017	0,70	0,76	0,69	0,75
17/03/2017	0,75	0,75	0,70	0,70
16/03/2017	0,68	0,75	0,68	0,75
15/03/2017	0,66	0,67	0,64	0,67
14/03/2017	0,65	0,66	0,63	0,66
13/03/2017	0,67	0,68	0,63	0,65
10/03/2017	0,72	0,73	0,65	0,65
09/03/2017	0,67	0,72	0,63	0,71
08/03/2017	0,71	0,71	0,63	0,67
07/03/2017	0,75	0,75	0,67	0,71
06/03/2017	0,75	0,78	0,74	0,74
03/03/2017	0,75	0,78	0,72	0,74
02/03/2017	0,82	0,83	0,74	0,76
01/03/2017	0,81	0,83	0,81	0,82
24/02/2017	0,77	0,83	0,75	0,79
23/02/2017	0,74	0,78	0,73	0,78
22/02/2017	0,73	0,74	0,71	0,74
21/02/2017	0,68	0,73	0,67	0,73
20/02/2017	0,65	0,68	0,64	0,67
17/02/2017	0,60	0,63	0,59	0,62
16/02/2017	0,59	0,60	0,59	0,60
15/02/2017	0,58	0,60	0,57	0,59
14/02/2017	0,59	0,61	0,57	0,57
13/02/2017	0,53	0,59	0,53	0,58
10/02/2017	0,52	0,53	0,52	0,53
09/02/2017	0,53	0,53	0,52	0,52
08/02/2017	0,54	0,54	0,52	0,52
07/02/2017	0,53	0,54	0,53	0,53
06/02/2017	0,48	0,53	0,48	0,53
03/02/2017	0,48	0,49	0,48	0,48
02/02/2017	0,48	0,49	0,47	0,48
01/02/2017	0,49	0,50	0,46	0,48
31/01/2017	0,45	0,49	0,45	0,49
30/01/2017	0,48	0,48	0,44	0,45
27/01/2017	0,48	0,49	0,46	0,47
26/01/2017	0,50	0,50	0,48	0,49
24/01/2017	0,48	0,50	0,47	0,50
23/01/2017	0,46	0,48	0,44	0,48
20/01/2017	0,41	0,46	0,41	0,46
19/01/2017	0,41	0,41	0,40	0,41
18/01/2017	0,40	0,41	0,40	0,41
17/01/2017	0,40	0,41	0,39	0,40
16/01/2017	0,40	0,40	0,39	0,40
13/01/2017	0,40	0,41	0,39	0,40
12/01/2017	0,38	0,40	0,38	0,40
11/01/2017	0,37	0,38	0,37	0,37
10/01/2017	0,36	0,37	0,36	0,37
09/01/2017	0,38	0,38	0,36	0,36
06/01/2017	0,38	0,38	0,37	0,38
05/01/2017	0,37	0,38	0,37	0,38
04/01/2017	0,39	0,39	0,36	0,37
03/01/2017	0,39	0,40	0,38	0,39
02/01/2017	0,40	0,40	0,39	0,39
29/12/2016	0,41	0,41	0,40	0,41
28/12/2016	0,40	0,41	0,40	0,41
27/12/2016	0,40	0,41	0,40	0,40
26/12/2016	0,40	0,41	0,40	0,40
23/12/2016	0,40	0,41	0,40	0,40
22/12/2016	0,41	0,41	0,40	0,40
21/12/2016	0,40	0,41	0,40	0,41
20/12/2016	0,40	0,40	0,39	0,40
19/12/2016	0,41	0,41	0,40	0,40
16/12/2016	0,41	0,41	0,40	0,41
15/12/2016	0,40	0,41	0,40	0,41
14/12/2016	0,40	0,41	0,39	0,39
13/12/2016	0,39	0,41	0,39	0,40
12/12/2016	0,40	0,41	0,39	0,40
09/12/2016	0,40	0,41	0,40	0,41
08/12/2016	0,39	0,41	0,39	0,40
07/12/2016	0,39	0,39	0,39	0,39
06/12/2016	0,37	0,39	0,37	0,39
05/12/2016	0,38	0,38	0,37	0,37
02/12/2016	0,38	0,38	0,37	0,38
01/12/2016	0,39	0,40	0,38	0,38
30/11/2016	0,39	0,40	0,39	0,40
29/11/2016	0,37	0,39	0,37	0,39
28/11/2016	0,37	0,38	0,37	0,38
25/11/2016	0,37	0,37	0,36	0,37
24/11/2016	0,37	0,37	0,37	0,37
23/11/2016	0,37	0,38	0,36	0,38
22/11/2016	0,37	0,37	0,36	0,37
21/11/2016	0,36	0,37	0,36	0,37
18/11/2016	0,35	0,36	0,35	0,36
17/11/2016	0,35	0,36	0,34	0,35
16/11/2016	0,35	0,36	0,35	0,35
14/11/2016	0,37	0,37	0,35	0,35
11/11/2016	0,36	0,37	0,35	0,36
10/11/2016	0,37	0,38	0,35	0,36
09/11/2016	0,34	0,37	0,34	0,37
08/11/2016	0,36	0,36	0,35	0,36
07/11/2016	0,35	0,36	0,35	0,36
04/11/2016	0,35	0,36	0,34	0,35
03/11/2016	0,35	0,36	0,34	0,35
01/11/2016	0,35	0,36	0,34	0,35
31/10/2016	0,36	0,37	0,34	0,35
28/10/2016	0,35	0,36	0,32	0,33
27/10/2016	0,28	0,35	0,28	0,35
26/10/2016	0,32	0,32	0,26	0,27
25/10/2016	0,38	0,38	0,32	0,32
24/10/2016	0,36	0,38	0,35	0,38
21/10/2016	0,35	0,36	0,35	0,36
20/10/2016	0,35	0,35	0,34	0,35
19/10/2016	0,35	0,35	0,34	0,35
18/10/2016	0,34	0,35	0,34	0,35
17/10/2016	0,35	0,35	0,34	0,34
14/10/2016	0,34	0,35	0,34	0,35
13/10/2016	0,34	0,35	0,33	0,34
11/10/2016	0,35	0,36	0,33	0,35
10/10/2016	0,33	0,35	0,33	0,35
07/10/2016	0,32	0,32	0,32	0,32
06/10/2016	0,31	0,32	0,31	0,32
05/10/2016	0,30	0,31	0,30	0,31
04/10/2016	0,30	0,30	0,30	0,30
03/10/2016	0,29	0,30	0,29	0,30
30/09/2016	0,29	0,29	0,28	0,29
29/09/2016	0,28	0,29	0,28	0,29
28/09/2016	0,29	0,29	0,28	0,29
27/09/2016	0,27	0,28	0,27	0,28
26/09/2016	0,27	0,27	0,27	0,27
23/09/2016	0,27	0,27	0,27	0,27
22/09/2016	0,27	0,27	0,26	0,27
21/09/2016	0,25	0,27	0,25	0,27
20/09/2016	0,24	0,25	0,24	0,25
19/09/2016	0,24	0,25	0,24	0,25
16/09/2016	0,24	0,24	0,23	0,24
15/09/2016	0,24	0,24	0,23	0,24
14/09/2016	0,24	0,24	0,23	0,24
13/09/2016	0,25	0,25	0,23	0,24
12/09/2016	0,25	0,25	0,25	0,25
09/09/2016	0,25	0,25	0,25	0,25
08/09/2016	0,25	0,25	0,25	0,25
06/09/2016	0,25	0,25	0,25	0,25
05/09/2016	0,25	0,25	0,25	0,25
02/09/2016	0,24	0,25	0,24	0,25
01/09/2016	0,23	0,24	0,23	0,24
31/08/2016	0,23	0,23	0,23	0,23
30/08/2016	0,24	0,24	0,23	0,23
29/08/2016	0,24	0,24	0,23	0,24
26/08/2016	0,24	0,24	0,23	0,24
25/08/2016	0,24	0,24	0,24	0,24
24/08/2016	0,24	0,24	0,24	0,24
23/08/2016	0,24	0,24	0,24	0,24
22/08/2016	0,23	0,24	0,23	0,24
19/08/2016	0,24	0,24	0,23	0,23
18/08/2016	0,24	0,24	0,24	0,24
17/08/2016	0,24	0,24	0,23	0,24
16/08/2016	0,23	0,24	0,23	0,24
15/08/2016	0,23	0,23	0,22	0,23
12/08/2016	0,23	0,23	0,22	0,23
11/08/2016	0,22	0,23	0,21	0,23
10/08/2016	0,22	0,22	0,22	0,22
09/08/2016	0,20	0,22	0,20	0,22
08/08/2016	0,20	0,21	0,20	0,20
05/08/2016	0,20	0,20	0,19	0,20
04/08/2016	0,18	0,19	0,18	0,19
03/08/2016	0,17	0,17	0,17	0,17
02/08/2016	0,18	0,18	0,16	0,17
01/08/2016	0,18	0,18	0,17	0,18
29/07/2016	0,17	0,18	0,17	0,18
28/07/2016	0,17	0,17	0,17	0,17
27/07/2016	0,17	0,17	0,17	0,17
26/07/2016	0,17	0,17	0,17	0,17
25/07/2016	0,16	0,17	0,16	0,17
22/07/2016	0,17	0,17	0,16	0,16
21/07/2016	0,16	0,17	0,16	0,16
20/07/2016	0,16	0,17	0,16	0,16
19/07/2016	0,16	0,17	0,16	0,16
18/07/2016	0,16	0,16	0,16	0,16
15/07/2016	0,16	0,16	0,16	0,16
14/07/2016	0,16	0,16	0,16	0,16
13/07/2016	0,16	0,16	0,16	0,16
12/07/2016	0,16	0,16	0,16	0,16
11/07/2016	0,16	0,16	0,16	0,16
08/07/2016	0,15	0,16	0,15	0,16
07/07/2016	0,15	0,15	0,15	0,15
06/07/2016	0,15	0,15	0,15	0,15
05/07/2016	0,15	0,15	0,15	0,15
04/07/2016	0,15	0,15	0,15	0,15
01/07/2016	0,15	0,15	0,15	0,15
30/06/2016	0,15	0,15	0,15	0,15
29/06/2016	0,15	0,15	0,14	0,15
28/06/2016	0,14	0,15	0,14	0,15
27/06/2016	0,14	0,14	0,13	0,14
24/06/2016	0,14	0,14	0,14	0,14
23/06/2016	0,14	0,14	0,14	0,14
22/06/2016	0,14	0,15	0,14	0,14
21/06/2016	0,14	0,14	0,14	0,14
20/06/2016	0,14	0,14	0,14	0,14
17/06/2016	0,13	0,14	0,13	0,14
16/06/2016	0,13	0,13	0,13	0,13
15/06/2016	0,13	0,13	0,13	0,13
14/06/2016	0,13	0,13	0,13	0,13
13/06/2016	0,14	0,14	0,13	0,13
10/06/2016	0,14	0,14	0,14	0,14
09/06/2016	0,15	0,15	0,14	0,14
08/06/2016	0,15	0,15	0,14	0,15
07/06/2016	0,14	0,15	0,14	0,15
06/06/2016	0,13	0,14	0,13	0,14
03/06/2016	0,13	0,13	0,13	0,13
02/06/2016	0,13	0,13	0,13	0,13
01/06/2016	0,13	0,13	0,13	0,13
31/05/2016	0,13	0,13	0,13	0,13
30/05/2016	0,13	0,13	0,13	0,13
27/05/2016	0,13	0,13	0,13	0,13
25/05/2016	0,13	0,13	0,13	0,13
24/05/2016	0,13	0,13	0,13	0,13
23/05/2016	0,13	0,13	0,13	0,13
20/05/2016	0,13	0,13	0,13	0,13
19/05/2016	0,13	0,13	0,13	0,13
18/05/2016	0,13	0,13	0,13	0,13
17/05/2016	0,13	0,13	0,13	0,13
16/05/2016	0,13	0,13	0,13	0,13
13/05/2016	0,13	0,13	0,13	0,13
12/05/2016	0,13	0,13	0,13	0,13
11/05/2016	0,13	0,14	0,13	0,13
10/05/2016	0,13	0,14	0,13	0,13
09/05/2016	0,13	0,13	0,13	0,13
06/05/2016	0,13	0,14	0,13	0,13
05/05/2016	0,12	0,13	0,11	0,11
04/05/2016	0,13	0,13	0,12	0,12
03/05/2016	0,13	0,14	0,13	0,13
02/05/2016	0,12	0,13	0,12	0,13
29/04/2016	0,12	0,13	0,12	0,12
28/04/2016	0,13	0,13	0,12	0,12
27/04/2016	0,11	0,13	0,11	0,13
26/04/2016	0,11	0,11	0,11	0,11
25/04/2016	0,11	0,11	0,11	0,11
22/04/2016	0,11	0,11	0,11	0,11
20/04/2016	0,11	0,11	0,11	0,11
19/04/2016	0,11	0,11	0,11	0,11
18/04/2016	0,11	0,11	0,11	0,11
15/04/2016	0,11	0,11	0,11	0,11
14/04/2016	0,11	0,11	0,11	0,11
13/04/2016	0,11	0,11	0,11	0,11
12/04/2016	0,11	0,11	0,11	0,11
11/04/2016	0,11	0,11	0,11	0,11
08/04/2016	0,11	0,11	0,10	0,11
07/04/2016	0,11	0,11	0,10	0,10
06/04/2016	0,11	0,11	0,10	0,11
05/04/2016	0,11	0,11	0,11	0,11
04/04/2016	0,11	0,12	0,11	0,11
01/04/2016	0,11	0,12	0,11	0,11
31/03/2016	0,12	0,12	0,11	0,11
30/03/2016	0,12	0,12	0,11	0,12
29/03/2016	0,11	0,12	0,11	0,12
28/03/2016	0,12	0,12	0,11	0,11
24/03/2016	0,12	0,12	0,12	0,12
23/03/2016	0,12	0,12	0,11	0,12
22/03/2016	0,11	0,12	0,11	0,12
21/03/2016	0,10	0,11	0,10	0,11
18/03/2016	0,11	0,11	0,10	0,11
17/03/2016	0,11	0,11	0,11	0,11
16/03/2016	0,11	0,11	0,11	0,11
15/03/2016	0,11	0,11	0,10	0,11
14/03/2016	0,10	0,11	0,10	0,11
11/03/2016	0,10	0,10	0,10	0,10
10/03/2016	0,10	0,10	0,10	0,10
09/03/2016	0,10	0,10	0,10	0,10
08/03/2016	0,10	0,10	0,09	0,10
07/03/2016	0,10	0,10	0,10	0,10
04/03/2016	0,10	0,10	0,09	0,10
03/03/2016	0,09	0,10	0,09	0,10
02/03/2016	0,08	0,09	0,08	0,08
01/03/2016	0,08	0,08	0,07	0,08
29/02/2016	0,07	0,08	0,07	0,08
26/02/2016	0,07	0,07	0,07	0,07
25/02/2016	0,07	0,07	0,07	0,07
24/02/2016	0,07	0,07	0,07	0,07
23/02/2016	0,07	0,07	0,07	0,07
22/02/2016	0,07	0,07	0,07	0,07
19/02/2016	0,07	0,07	0,07	0,07
18/02/2016	0,06	0,07	0,06	0,07
17/02/2016	0,07	0,08	0,06	0,06
16/02/2016	0,07	0,07	0,07	0,07
15/02/2016	0,06	0,07	0,06	0,07
12/02/2016	0,05	0,06	0,05	0,06
11/02/2016	0,05	0,05	0,05	0,05
10/02/2016	0,05	0,05	0,05	0,05
05/02/2016	0,06	0,06	0,05	0,05
04/02/2016	0,06	0,06	0,05	0,06
03/02/2016	0,05	0,06	0,05	0,06
02/02/2016	0,05	0,06	0,05	0,05
01/02/2016	0,05	0,06	0,05	0,06
29/01/2016	0,05	0,06	0,05	0,05
28/01/2016	0,05	0,05	0,05	0,05
27/01/2016	0,05	0,05	0,05	0,05
26/01/2016	0,05	0,05	0,05	0,05
22/01/2016	0,05	0,05	0,05	0,05
21/01/2016	0,05	0,05	0,05	0,05
20/01/2016	0,05	0,05	0,05	0,05
19/01/2016	0,05	0,06	0,05	0,05
18/01/2016	0,06	0,06	0,05	0,05
15/01/2016	0,05	0,05	0,05	0,05
14/01/2016	0,05	0,05	0,05	0,05
13/01/2016	0,05	0,05	0,05	0,05
12/01/2016	0,06	0,06	0,05	0,05
11/01/2016	0,06	0,06	0,05	0,06
08/01/2016	0,06	0,06	0,05	0,06
07/01/2016	0,06	0,06	0,05	0,05
06/01/2016	0,07	0,07	0,06	0,06
05/01/2016	0,07	0,07	0,07	0,07
04/01/2016	0,06	0,07	0,06	0,07
30/12/2015	0,07	0,07	0,06	0,07
29/12/2015	0,06	0,07	0,06	0,07
28/12/2015	0,05	0,06	0,05	0,06
23/12/2015	0,04	0,05	0,04	0,05
22/12/2015	0,04	0,04	0,04	0,04
21/12/2015	0,04	0,04	0,04	0,04
18/12/2015	0,04	0,04	0,04	0,04
17/12/2015	0,04	0,04	0,04	0,04
16/12/2015	0,03	0,04	0,03	0,04
15/12/2015	0,03	0,04	0,03	0,03
14/12/2015	0,03	0,03	0,03	0,03
11/12/2015	0,03	0,03	0,03	0,03
10/12/2015	0,03	0,03	0,03	0,03
09/12/2015	0,03	0,03	0,03	0,03
08/12/2015	0,03	0,03	0,03	0,03
07/12/2015	0,03	0,03	0,03	0,03
04/12/2015	0,03	0,03	0,03	0,03
03/12/2015	0,03	0,03	0,03	0,03
02/12/2015	0,03	0,03	0,03	0,03
01/12/2015	0,03	0,03	0,03	0,03
30/11/2015	0,04	0,04	0,03	0,03
27/11/2015	0,04	0,04	0,04	0,04
26/11/2015	0,04	0,04	0,04	0,04
25/11/2015	0,04	0,04	0,04	0,04
24/11/2015	0,04	0,04	0,04	0,04
23/11/2015	0,04	0,04	0,04	0,04
19/11/2015	0,04	0,04	0,04	0,04
18/11/2015	0,04	0,04	0,04	0,04
17/11/2015	0,04	0,04	0,04	0,04
16/11/2015	0,04	0,04	0,04	0,04
13/11/2015	0,04	0,04	0,04	0,04
12/11/2015	0,04	0,04	0,04	0,04
11/11/2015	0,04	0,04	0,04	0,04
10/11/2015	0,04	0,04	0,04	0,04
09/11/2015	0,04	0,04	0,04	0,04
06/11/2015	0,04	0,05	0,04	0,04
05/11/2015	0,04	0,05	0,04	0,05
04/11/2015	0,04	0,05	0,04	0,04
03/11/2015	0,05	0,05	0,04	0,04
30/10/2015	0,05	0,05	0,04	0,05
29/10/2015	0,05	0,05	0,04	0,04
28/10/2015	0,05	0,05	0,04	0,05
27/10/2015	0,05	0,05	0,05	0,05
26/10/2015	0,05	0,05	0,04	0,05
23/10/2015	0,05	0,05	0,04	0,05
22/10/2015	0,05	0,05	0,05	0,05
21/10/2015	0,05	0,05	0,05	0,05
20/10/2015	0,05	0,05	0,05	0,05
19/10/2015	0,05	0,05	0,05	0,05
16/10/2015	0,05	0,05	0,05	0,05
15/10/2015	0,05	0,05	0,05	0,05
14/10/2015	0,05	0,06	0,05	0,05
13/10/2015	0,06	0,06	0,05	0,05
09/10/2015	0,06	0,06	0,06	0,06
08/10/2015	0,06	0,06	0,06	0,06
07/10/2015	0,06	0,06	0,06	0,06
06/10/2015	0,05	0,06	0,05	0,06
05/10/2015	0,05	0,06	0,05	0,05
02/10/2015	0,05	0,05	0,05	0,05
01/10/2015	0,05	0,05	0,05	0,05
30/09/2015	0,06	0,06	0,05	0,05
29/09/2015	0,06	0,06	0,05	0,05
28/09/2015	0,06	0,06	0,05	0,05
25/09/2015	0,06	0,06	0,06	0,06
24/09/2015	0,06	0,06	0,06	0,06
23/09/2015	0,06	0,06	0,06	0,06
22/09/2015	0,06	0,06	0,06	0,06
21/09/2015	0,06	0,06	0,06	0,06
18/09/2015	0,07	0,07	0,06	0,06
17/09/2015	0,07	0,08	0,07	0,07
16/09/2015	0,07	0,07	0,07	0,07
15/09/2015	0,07	0,07	0,06	0,06
14/09/2015	0,07	0,07	0,07	0,07
11/09/2015	0,07	0,07	0,07	0,07
10/09/2015	0,07	0,07	0,07	0,07
09/09/2015	0,07	0,07	0,07	0,07
08/09/2015	0,08	0,08	0,07	0,07
04/09/2015	0,08	0,08	0,08	0,08
03/09/2015	0,08	0,08	0,08	0,08
02/09/2015	0,08	0,08	0,08	0,08
01/09/2015	0,08	0,08	0,08	0,08
31/08/2015	0,08	0,08	0,08	0,08
28/08/2015	0,08	0,08	0,08	0,08
27/08/2015	0,08	0,08	0,08	0,08
26/08/2015	0,08	0,08	0,08	0,08
25/08/2015	0,09	0,09	0,08	0,08
24/08/2015	0,08	0,09	0,08	0,08
21/08/2015	0,09	0,09	0,09	0,09
20/08/2015	0,09	0,09	0,09	0,09
19/08/2015	0,09	0,10	0,09	0,09
18/08/2015	0,09	0,10	0,09	0,10
17/08/2015	0,09	0,09	0,09	0,09
14/08/2015	0,09	0,09	0,09	0,09
13/08/2015	0,09	0,09	0,09	0,09
12/08/2015	0,09	0,10	0,09	0,09
11/08/2015	0,09	0,10	0,09	0,10
10/08/2015	0,09	0,09	0,09	0,09
07/08/2015	0,09	0,10	0,09	0,09
06/08/2015	0,10	0,10	0,09	0,10
05/08/2015	0,11	0,11	0,10	0,10
04/08/2015	0,10	0,11	0,10	0,11
03/08/2015	0,11	0,11	0,10	0,10
31/07/2015	0,09	0,11	0,09	0,11
30/07/2015	0,08	0,08	0,08	0,08
29/07/2015	0,09	0,09	0,08	0,08
28/07/2015	0,09	0,09	0,08	0,09
27/07/2015	0,09	0,09	0,08	0,09
24/07/2015	0,12	0,12	0,09	0,09
23/07/2015	0,10	0,11	0,09	0,11
22/07/2015	0,08	0,09	0,08	0,09
21/07/2015	0,07	0,09	0,07	0,08
20/07/2015	0,08	0,08	0,07	0,07
17/07/2015	0,08	0,08	0,08	0,08
16/07/2015	0,08	0,08	0,08	0,08
15/07/2015	0,09	0,09	0,08	0,08
14/07/2015	0,09	0,09	0,09	0,09
13/07/2015	0,09	0,09	0,09	0,09
10/07/2015	0,09	0,09	0,09	0,09
08/07/2015	0,09	0,10	0,09	0,09
07/07/2015	0,10	0,10	0,09	0,09
06/07/2015	0,10	0,10	0,09	0,10
03/07/2015	0,10	0,10	0,10	0,10
02/07/2015	0,11	0,11	0,10	0,10
01/07/2015	0,11	0,11	0,10	0,10
30/06/2015	0,11	0,11	0,11	0,11
29/06/2015	0,11	0,11	0,11	0,11
26/06/2015	0,11	0,11	0,11	0,11
25/06/2015	0,11	0,11	0,11	0,11
24/06/2015	0,12	0,12	0,11	0,11
23/06/2015	0,12	0,12	0,12	0,12
22/06/2015	0,12	0,12	0,12	0,12
19/06/2015	0,12	0,12	0,11	0,12
18/06/2015	0,12	0,12	0,12	0,12
17/06/2015	0,12	0,12	0,12	0,12
16/06/2015	0,12	0,12	0,12	0,12
15/06/2015	0,12	0,12	0,12	0,12
12/06/2015	0,12	0,12	0,12	0,12
11/06/2015	0,12	0,12	0,12	0,12
10/06/2015	0,13	0,13	0,12	0,12
09/06/2015	0,12	0,13	0,12	0,13
08/06/2015	0,13	0,13	0,12	0,12
05/06/2015	0,13	0,13	0,12	0,13
03/06/2015	0,13	0,13	0,12	0,13
02/06/2015	0,13	0,13	0,13	0,13
01/06/2015	0,13	0,13	0,13	0,13
29/05/2015	0,13	0,14	0,13	0,13
28/05/2015	0,14	0,14	0,13	0,13
27/05/2015	0,13	0,13	0,13	0,13
26/05/2015	0,14	0,14	0,13	0,13
25/05/2015	0,14	0,14	0,14	0,14
22/05/2015	0,14	0,14	0,14	0,14
21/05/2015	0,14	0,14	0,14	0,14
20/05/2015	0,15	0,15	0,14	0,14
19/05/2015	0,15	0,15	0,14	0,14
18/05/2015	0,15	0,15	0,14	0,15
15/05/2015	0,15	0,15	0,14	0,15
14/05/2015	0,15	0,15	0,14	0,15
13/05/2015	0,15	0,15	0,15	0,15
12/05/2015	0,15	0,15	0,15	0,15
11/05/2015	0,15	0,16	0,15	0,15
08/05/2015	0,17	0,17	0,15	0,15
07/05/2015	0,17	0,17	0,17	0,17
06/05/2015	0,16	0,17	0,16	0,17
05/05/2015	0,16	0,17	0,16	0,16
04/05/2015	0,15	0,16	0,15	0,16
30/04/2015	0,15	0,15	0,15	0,15
29/04/2015	0,16	0,16	0,15	0,15
28/04/2015	0,16	0,16	0,15	0,15
27/04/2015	0,16	0,16	0,15	0,16
24/04/2015	0,15	0,16	0,15	0,15
23/04/2015	0,15	0,15	0,15	0,15
22/04/2015	0,15	0,15	0,15	0,15
20/04/2015	0,16	0,16	0,15	0,15
17/04/2015	0,16	0,16	0,15	0,15
16/04/2015	0,15	0,16	0,15	0,16
15/04/2015	0,15	0,15	0,15	0,15
14/04/2015	0,15	0,15	0,15	0,15
13/04/2015	0,15	0,15	0,15	0,15
10/04/2015	0,15	0,15	0,15	0,15
09/04/2015	0,15	0,15	0,15	0,15
08/04/2015	0,16	0,16	0,15	0,15
07/04/2015	0,16	0,17	0,16	0,16
06/04/2015	0,16	0,17	0,16	0,16
02/04/2015	0,16	0,17	0,16	0,17
01/04/2015	0,15	0,16	0,15	0,16
31/03/2015	0,15	0,15	0,15	0,15
30/03/2015	0,15	0,15	0,15	0,15
27/03/2015	0,15	0,15	0,15	0,15
26/03/2015	0,15	0,15	0,15	0,15
25/03/2015	0,15	0,15	0,15	0,15
24/03/2015	0,15	0,15	0,15	0,15
23/03/2015	0,15	0,15	0,15	0,15
20/03/2015	0,15	0,15	0,15	0,15
19/03/2015	0,15	0,15	0,15	0,15
18/03/2015	0,15	0,15	0,15	0,15
17/03/2015	0,15	0,15	0,15	0,15
16/03/2015	0,16	0,16	0,15	0,15
13/03/2015	0,16	0,16	0,15	0,16
12/03/2015	0,16	0,16	0,16	0,16
11/03/2015	0,16	0,16	0,16	0,16
10/03/2015	0,15	0,16	0,15	0,16
09/03/2015	0,16	0,16	0,15	0,15
06/03/2015	0,16	0,16	0,15	0,16
05/03/2015	0,17	0,17	0,16	0,16
04/03/2015	0,18	0,18	0,17	0,17
03/03/2015	0,18	0,18	0,17	0,18
02/03/2015	0,18	0,19	0,18	0,18
27/02/2015	0,20	0,20	0,18	0,18
26/02/2015	0,19	0,21	0,19	0,20
25/02/2015	0,20	0,20	0,19	0,19
24/02/2015	0,19	0,20	0,19	0,20
23/02/2015	0,19	0,19	0,19	0,19
20/02/2015	0,19	0,19	0,19	0,19
19/02/2015	0,18	0,19	0,18	0,19
18/02/2015	0,18	0,19	0,18	0,18
13/02/2015	0,18	0,18	0,18	0,18
12/02/2015	0,17	0,18	0,17	0,18
11/02/2015	0,19	0,19	0,17	0,17
10/02/2015	0,18	0,19	0,18	0,18
09/02/2015	0,18	0,18	0,18	0,18
06/02/2015	0,19	0,20	0,18	0,18
05/02/2015	0,19	0,20	0,19	0,19
04/02/2015	0,20	0,20	0,19	0,19
03/02/2015	0,21	0,21	0,20	0,20
02/02/2015	0,20	0,21	0,20	0,20
30/01/2015	0,20	0,20	0,20	0,20
29/01/2015	0,20	0,21	0,19	0,20
28/01/2015	0,20	0,20	0,19	0,20
27/01/2015	0,21	0,21	0,20	0,20
26/01/2015	0,21	0,21	0,20	0,21
23/01/2015	0,21	0,21	0,21	0,21
22/01/2015	0,21	0,21	0,21	0,21
21/01/2015	0,21	0,21	0,21	0,21
20/01/2015	0,22	0,22	0,21	0,21
19/01/2015	0,22	0,22	0,22	0,22
16/01/2015	0,22	0,22	0,22	0,22
15/01/2015	0,22	0,22	0,22	0,22
14/01/2015	0,22	0,22	0,22	0,22
13/01/2015	0,22	0,23	0,22	0,22
12/01/2015	0,22	0,22	0,22	0,22
09/01/2015	0,23	0,23	0,22	0,22
08/01/2015	0,23	0,23	0,23	0,23
07/01/2015	0,23	0,23	0,22	0,23
06/01/2015	0,22	0,23	0,22	0,22
05/01/2015	0,22	0,23	0,22	0,22
02/01/2015	0,23	0,23	0,22	0,22
30/12/2014	0,23	0,24	0,23	0,23
29/12/2014	0,22	0,23	0,22	0,23
26/12/2014	0,22	0,23	0,22	0,22
23/12/2014	0,23	0,23	0,22	0,23
22/12/2014	0,23	0,23	0,22	0,23
19/12/2014	0,22	0,23	0,22	0,23
18/12/2014	0,22	0,22	0,22	0,22
17/12/2014	0,22	0,22	0,21	0,22
16/12/2014	0,21	0,22	0,21	0,22
15/12/2014	0,22	0,22	0,21	0,21
12/12/2014	0,23	0,23	0,21	0,22
11/12/2014	0,23	0,23	0,23	0,23
10/12/2014	0,23	0,24	0,23	0,23
09/12/2014	0,23	0,23	0,22	0,23
08/12/2014	0,23	0,23	0,22	0,23
05/12/2014	0,23	0,24	0,23	0,23
04/12/2014	0,24	0,24	0,23	0,23
03/12/2014	0,24	0,24	0,23	0,24
02/12/2014	0,24	0,24	0,23	0,24
01/12/2014	0,24	0,24	0,23	0,23
28/11/2014	0,24	0,24	0,23	0,24
27/11/2014	0,24	0,24	0,24	0,24
26/11/2014	0,24	0,25	0,24	0,24
25/11/2014	0,25	0,26	0,24	0,24
24/11/2014	0,24	0,26	0,24	0,25
21/11/2014	0,24	0,25	0,24	0,25
19/11/2014	0,24	0,25	0,24	0,25
18/11/2014	0,23	0,24	0,23	0,24
17/11/2014	0,23	0,24	0,23	0,23
14/11/2014	0,23	0,24	0,23	0,23
13/11/2014	0,24	0,24	0,23	0,23
12/11/2014	0,25	0,25	0,24	0,24
11/11/2014	0,25	0,25	0,24	0,25
10/11/2014	0,25	0,26	0,25	0,25
07/11/2014	0,25	0,25	0,24	0,25
06/11/2014	0,25	0,26	0,25	0,25
05/11/2014	0,25	0,26	0,25	0,26
04/11/2014	0,26	0,26	0,25	0,25
03/11/2014	0,25	0,26	0,25	0,25
31/10/2014	0,25	0,25	0,24	0,24
30/10/2014	0,23	0,24	0,22	0,23
29/10/2014	0,23	0,23	0,23	0,23
28/10/2014	0,23	0,23	0,22	0,23
27/10/2014	0,19	0,22	0,19	0,22
24/10/2014	0,21	0,22	0,21	0,22
23/10/2014	0,23	0,23	0,21	0,21
22/10/2014	0,22	0,23	0,22	0,23
21/10/2014	0,23	0,23	0,22	0,23
20/10/2014	0,23	0,23	0,23	0,23
17/10/2014	0,24	0,24	0,23	0,23
16/10/2014	0,24	0,24	0,23	0,24
15/10/2014	0,24	0,24	0,24	0,24
14/10/2014	0,24	0,24	0,24	0,24
13/10/2014	0,25	0,25	0,24	0,24
10/10/2014	0,25	0,25	0,24	0,24
09/10/2014	0,25	0,26	0,24	0,26
08/10/2014	0,24	0,25	0,24	0,25
07/10/2014	0,25	0,25	0,24	0,25
06/10/2014	0,24	0,25	0,24	0,24
03/10/2014	0,23	0,24	0,23	0,23
02/10/2014	0,23	0,24	0,23	0,23
01/10/2014	0,22	0,23	0,22	0,23
30/09/2014	0,22	0,22	0,21	0,22
29/09/2014	0,23	0,23	0,22	0,22
26/09/2014	0,24	0,24	0,24	0,24
25/09/2014	0,24	0,25	0,23	0,24
24/09/2014	0,24	0,24	0,24	0,24
23/09/2014	0,25	0,25	0,24	0,24
22/09/2014	0,25	0,26	0,24	0,24
19/09/2014	0,25	0,26	0,25	0,26
18/09/2014	0,25	0,26	0,25	0,25
17/09/2014	0,26	0,26	0,25	0,25
16/09/2014	0,25	0,26	0,25	0,26
15/09/2014	0,25	0,25	0,24	0,25
12/09/2014	0,25	0,25	0,24	0,24
11/09/2014	0,24	0,25	0,24	0,24
10/09/2014	0,25	0,25	0,24	0,24
09/09/2014	0,26	0,26	0,25	0,25
08/09/2014	0,26	0,26	0,26	0,26
05/09/2014	0,27	0,27	0,26	0,26
04/09/2014	0,27	0,28	0,27	0,27
03/09/2014	0,27	0,28	0,27	0,27
02/09/2014	0,27	0,27	0,26	0,27
01/09/2014	0,27	0,27	0,26	0,27
29/08/2014	0,27	0,27	0,26	0,27
28/08/2014	0,27	0,27	0,27	0,27
27/08/2014	0,27	0,27	0,27	0,27
26/08/2014	0,26	0,27	0,26	0,27
25/08/2014	0,26	0,26	0,26	0,26
22/08/2014	0,26	0,26	0,25	0,26
21/08/2014	0,27	0,27	0,26	0,26
20/08/2014	0,27	0,27	0,26	0,27
19/08/2014	0,27	0,27	0,26	0,27
18/08/2014	0,27	0,27	0,26	0,27
15/08/2014	0,26	0,27	0,26	0,27
14/08/2014	0,26	0,26	0,26	0,26
13/08/2014	0,26	0,26	0,26	0,26
12/08/2014	0,26	0,26	0,26	0,26
11/08/2014	0,26	0,27	0,26	0,26
08/08/2014	0,25	0,26	0,25	0,26
07/08/2014	0,26	0,26	0,25	0,26
06/08/2014	0,26	0,26	0,26	0,26
05/08/2014	0,26	0,27	0,26	0,26
04/08/2014	0,26	0,27	0,26	0,26
01/08/2014	0,27	0,27	0,26	0,27
31/07/2014	0,25	0,27	0,25	0,27
30/07/2014	0,26	0,26	0,26	0,26
29/07/2014	0,27	0,27	0,26	0,26
28/07/2014	0,27	0,27	0,26	0,27
25/07/2014	0,27	0,27	0,27	0,27
24/07/2014	0,27	0,27	0,27	0,27
23/07/2014	0,27	0,27	0,27	0,27
22/07/2014	0,27	0,27	0,27	0,27
21/07/2014	0,26	0,27	0,26	0,27
18/07/2014	0,27	0,27	0,26	0,26
17/07/2014	0,27	0,27	0,27	0,27
16/07/2014	0,27	0,28	0,27	0,27
15/07/2014	0,28	0,28	0,27	0,27
14/07/2014	0,28	0,29	0,28	0,28
11/07/2014	0,28	0,28	0,28	0,28
10/07/2014	0,28	0,28	0,27	0,28
08/07/2014	0,28	0,28	0,28	0,28
07/07/2014	0,28	0,29	0,28	0,28
04/07/2014	0,29	0,29	0,28	0,29
03/07/2014	0,28	0,29	0,28	0,29
02/07/2014	0,28	0,28	0,27	0,28
01/07/2014	0,27	0,28	0,27	0,28
30/06/2014	0,27	0,27	0,27	0,27
27/06/2014	0,27	0,27	0,27	0,27
26/06/2014	0,26	0,27	0,26	0,27
25/06/2014	0,27	0,27	0,26	0,26
24/06/2014	0,27	0,27	0,26	0,27
23/06/2014	0,26	0,27	0,26	0,27
20/06/2014	0,27	0,27	0,26	0,26
18/06/2014	0,28	0,28	0,27	0,27
17/06/2014	0,26	0,28	0,26	0,28
16/06/2014	0,26	0,26	0,25	0,26
13/06/2014	0,25	0,26	0,25	0,25
11/06/2014	0,26	0,26	0,25	0,25
10/06/2014	0,26	0,26	0,25	0,26
09/06/2014	0,25	0,26	0,25	0,26
06/06/2014	0,24	0,25	0,24	0,25
05/06/2014	0,24	0,25	0,23	0,24
04/06/2014	0,23	0,24	0,23	0,23
03/06/2014	0,23	0,23	0,23	0,23
02/06/2014	0,24	0,24	0,23	0,23
30/05/2014	0,25	0,25	0,24	0,24
29/05/2014	0,25	0,26	0,25	0,25
28/05/2014	0,25	0,25	0,24	0,25
27/05/2014	0,25	0,25	0,24	0,25
26/05/2014	0,26	0,26	0,25	0,25
23/05/2014	0,26	0,27	0,26	0,26
22/05/2014	0,26	0,27	0,26	0,26
21/05/2014	0,25	0,26	0,25	0,26
20/05/2014	0,24	0,25	0,24	0,25
19/05/2014	0,25	0,25	0,24	0,24
16/05/2014	0,25	0,25	0,24	0,25
15/05/2014	0,25	0,25	0,25	0,25
14/05/2014	0,25	0,25	0,24	0,25
13/05/2014	0,26	0,26	0,25	0,25
12/05/2014	0,25	0,26	0,25	0,25
09/05/2014	0,25	0,26	0,25	0,25
08/05/2014	0,25	0,26	0,24	0,25
07/05/2014	0,23	0,24	0,23	0,23
06/05/2014	0,24	0,24	0,23	0,23
05/05/2014	0,24	0,24	0,23	0,24
02/05/2014	0,23	0,24	0,23	0,23
30/04/2014	0,22	0,23	0,22	0,23
29/04/2014	0,22	0,22	0,22	0,22
28/04/2014	0,21	0,22	0,21	0,22
25/04/2014	0,21	0,21	0,21	0,21
24/04/2014	0,21	0,21	0,21	0,21
23/04/2014	0,21	0,21	0,21	0,21
22/04/2014	0,21	0,21	0,20	0,21
17/04/2014	0,20	0,21	0,20	0,21
16/04/2014	0,20	0,20	0,20	0,20
15/04/2014	0,21	0,21	0,20	0,20
14/04/2014	0,21	0,21	0,21	0,21
11/04/2014	0,21	0,21	0,20	0,21
10/04/2014	0,21	0,21	0,21	0,21
09/04/2014	0,21	0,21	0,20	0,21
08/04/2014	0,21	0,21	0,21	0,21
07/04/2014	0,21	0,21	0,20	0,21
04/04/2014	0,21	0,21	0,20	0,20
03/04/2014	0,20	0,20	0,20	0,20
02/04/2014	0,19	0,20	0,19	0,20
01/04/2014	0,19	0,19	0,19	0,19
31/03/2014	0,19	0,20	0,19	0,19
28/03/2014	0,19	0,19	0,19	0,19
27/03/2014	0,19	0,19	0,18	0,19
26/03/2014	0,19	0,19	0,18	0,19
25/03/2014	0,19	0,19	0,19	0,19
24/03/2014	0,19	0,19	0,18	0,19
21/03/2014	0,18	0,19	0,18	0,19
20/03/2014	0,18	0,18	0,18	0,18
19/03/2014	0,18	0,18	0,18	0,18
18/03/2014	0,18	0,18	0,18	0,18
17/03/2014	0,18	0,18	0,17	0,18
14/03/2014	0,17	0,18	0,17	0,18
13/03/2014	0,18	0,19	0,17	0,17
12/03/2014	0,19	0,19	0,18	0,18
11/03/2014	0,20	0,20	0,19	0,19
10/03/2014	0,20	0,20	0,20	0,20
07/03/2014	0,20	0,21	0,20	0,20
06/03/2014	0,20	0,20	0,20	0,20
05/03/2014	0,21	0,21	0,20	0,20
28/02/2014	0,21	0,21	0,20	0,21
27/02/2014	0,21	0,21	0,21	0,21
26/02/2014	0,21	0,21	0,21	0,21
25/02/2014	0,21	0,22	0,21	0,21
24/02/2014	0,22	0,22	0,21	0,22
21/02/2014	0,21	0,22	0,21	0,22
20/02/2014	0,22	0,22	0,21	0,21
19/02/2014	0,22	0,23	0,21	0,22
18/02/2014	0,23	0,23	0,22	0,23
17/02/2014	0,23	0,23	0,22	0,23
14/02/2014	0,22	0,23	0,22	0,22
13/02/2014	0,23	0,23	0,22	0,22
12/02/2014	0,24	0,24	0,22	0,23
11/02/2014	0,23	0,23	0,23	0,23
10/02/2014	0,24	0,24	0,23	0,23
07/02/2014	0,23	0,24	0,23	0,24
06/02/2014	0,22	0,23	0,22	0,23
05/02/2014	0,22	0,22	0,21	0,22
04/02/2014	0,22	0,23	0,22	0,22
03/02/2014	0,23	0,23	0,22	0,22
31/01/2014	0,23	0,23	0,22	0,23
30/01/2014	0,22	0,23	0,22	0,23
29/01/2014	0,23	0,23	0,22	0,22
28/01/2014	0,24	0,24	0,23	0,23
27/01/2014	0,24	0,24	0,23	0,24
24/01/2014	0,24	0,24	0,23	0,24
23/01/2014	0,25	0,26	0,24	0,25
22/01/2014	0,24	0,25	0,24	0,25
21/01/2014	0,24	0,24	0,24	0,24
20/01/2014	0,24	0,24	0,23	0,24
17/01/2014	0,24	0,24	0,24	0,24
16/01/2014	0,24	0,24	0,24	0,24
15/01/2014	0,24	0,24	0,24	0,24
14/01/2014	0,24	0,24	0,23	0,24
13/01/2014	0,24	0,24	0,23	0,24
10/01/2014	0,24	0,24	0,23	0,24
09/01/2014	0,24	0,25	0,23	0,24
08/01/2014	0,23	0,24	0,23	0,24
07/01/2014	0,23	0,24	0,23	0,23
06/01/2014	0,22	0,23	0,22	0,23
03/01/2014	0,21	0,22	0,20	0,22
02/01/2014	0,22	0,23	0,20	0,21
30/12/2013	0,22	0,23	0,21	0,22
27/12/2013	0,21	0,21	0,21	0,21
26/12/2013	0,21	0,21	0,21	0,21
23/12/2013	0,21	0,21	0,21	0,21
20/12/2013	0,22	0,22	0,21	0,21
19/12/2013	0,22	0,22	0,21	0,22
18/12/2013	0,22	0,22	0,21	0,21
17/12/2013	0,21	0,22	0,21	0,22
16/12/2013	0,22	0,22	0,21	0,21
13/12/2013	0,23	0,23	0,22	0,22
12/12/2013	0,23	0,23	0,22	0,22
11/12/2013	0,23	0,23	0,23	0,23
10/12/2013	0,23	0,23	0,22	0,23
09/12/2013	0,24	0,24	0,23	0,23
06/12/2013	0,23	0,24	0,23	0,24
05/12/2013	0,22	0,23	0,22	0,23
04/12/2013	0,23	0,23	0,22	0,22
03/12/2013	0,24	0,24	0,23	0,23
02/12/2013	0,24	0,25	0,24	0,24
29/11/2013	0,25	0,25	0,24	0,24
28/11/2013	0,24	0,25	0,24	0,25
27/11/2013	0,25	0,25	0,24	0,24
26/11/2013	0,25	0,26	0,24	0,25
25/11/2013	0,26	0,26	0,25	0,25
22/11/2013	0,26	0,27	0,26	0,26
21/11/2013	0,25	0,27	0,25	0,26
19/11/2013	0,26	0,27	0,25	0,26
18/11/2013	0,26	0,27	0,26	0,26
14/11/2013	0,25	0,26	0,25	0,26
13/11/2013	0,26	0,26	0,24	0,24
12/11/2013	0,27	0,28	0,25	0,25
11/11/2013	0,29	0,30	0,27	0,27
08/11/2013	0,28	0,29	0,28	0,29
07/11/2013	0,27	0,29	0,27	0,29
06/11/2013	0,27	0,27	0,26	0,27
05/11/2013	0,28	0,28	0,27	0,27
04/11/2013	0,28	0,28	0,27	0,28
01/11/2013	0,28	0,28	0,27	0,27
31/10/2013	0,27	0,28	0,27	0,27
30/10/2013	0,27	0,28	0,26	0,26
29/10/2013	0,27	0,27	0,27	0,27
28/10/2013	0,26	0,27	0,26	0,27
25/10/2013	0,26	0,27	0,25	0,26
24/10/2013	0,26	0,27	0,25	0,25
23/10/2013	0,27	0,27	0,26	0,26
22/10/2013	0,27	0,28	0,27	0,27
21/10/2013	0,27	0,28	0,27	0,27
18/10/2013	0,28	0,28	0,27	0,27
17/10/2013	0,27	0,28	0,27	0,28
16/10/2013	0,27	0,28	0,27	0,27
15/10/2013	0,26	0,27	0,26	0,27
14/10/2013	0,24	0,26	0,24	0,26
11/10/2013	0,25	0,25	0,24	0,25
10/10/2013	0,24	0,25	0,24	0,25
09/10/2013	0,23	0,24	0,23	0,24
08/10/2013	0,22	0,23	0,22	0,23
07/10/2013	0,22	0,22	0,22	0,22
04/10/2013	0,22	0,22	0,21	0,22
03/10/2013	0,22	0,22	0,22	0,22
02/10/2013	0,22	0,22	0,22	0,22
01/10/2013	0,22	0,22	0,22	0,22
30/09/2013	0,22	0,22	0,22	0,22
27/09/2013	0,22	0,22	0,22	0,22
26/09/2013	0,22	0,22	0,22	0,22
25/09/2013	0,22	0,22	0,22	0,22
24/09/2013	0,22	0,22	0,22	0,22
23/09/2013	0,22	0,22	0,21	0,22
20/09/2013	0,21	0,22	0,21	0,21
19/09/2013	0,22	0,22	0,21	0,21
18/09/2013	0,22	0,23	0,21	0,22
17/09/2013	0,21	0,22	0,21	0,22
16/09/2013	0,20	0,21	0,20	0,21
13/09/2013	0,20	0,21	0,19	0,20
12/09/2013	0,19	0,20	0,19	0,19
11/09/2013	0,19	0,19	0,19	0,19
10/09/2013	0,19	0,19	0,19	0,19
09/09/2013	0,18	0,19	0,18	0,19
06/09/2013	0,18	0,18	0,17	0,18
05/09/2013	0,17	0,18	0,17	0,17
04/09/2013	0,17	0,17	0,17	0,17
03/09/2013	0,17	0,18	0,17	0,17
02/09/2013	0,17	0,17	0,17	0,17
30/08/2013	0,16	0,17	0,16	0,17
29/08/2013	0,16	0,16	0,16	0,16
28/08/2013	0,16	0,17	0,16	0,16
27/08/2013	0,17	0,17	0,16	0,16
26/08/2013	0,17	0,18	0,17	0,17
23/08/2013	0,16	0,17	0,16	0,17
22/08/2013	0,16	0,16	0,16	0,16
21/08/2013	0,16	0,16	0,16	0,16
20/08/2013	0,17	0,17	0,16	0,16
19/08/2013	0,17	0,17	0,17	0,17
16/08/2013	0,17	0,17	0,16	0,17
15/08/2013	0,18	0,18	0,17	0,17
14/08/2013	0,16	0,18	0,16	0,18
13/08/2013	0,17	0,17	0,16	0,16
12/08/2013	0,18	0,18	0,17	0,17
09/08/2013	0,18	0,19	0,17	0,18
08/08/2013	0,19	0,19	0,17	0,18
07/08/2013	0,15	0,20	0,15	0,18
06/08/2013	0,15	0,15	0,14	0,14
05/08/2013	0,15	0,15	0,15	0,15
02/08/2013	0,15	0,15	0,15	0,15
01/08/2013	0,15	0,15	0,14	0,15
31/07/2013	0,15	0,15	0,15	0,15
30/07/2013	0,16	0,16	0,15	0,15
29/07/2013	0,17	0,17	0,16	0,16
26/07/2013	0,16	0,16	0,16	0,16
25/07/2013	0,16	0,17	0,16	0,16
24/07/2013	0,17	0,17	0,16	0,16
23/07/2013	0,18	0,18	0,17	0,17
22/07/2013	0,17	0,17	0,17	0,17
19/07/2013	0,17	0,18	0,16	0,17
18/07/2013	0,18	0,18	0,17	0,17
17/07/2013	0,17	0,18	0,17	0,18
16/07/2013	0,16	0,17	0,16	0,17
15/07/2013	0,15	0,17	0,15	0,16
12/07/2013	0,15	0,16	0,14	0,15
11/07/2013	0,14	0,15	0,14	0,15
10/07/2013	0,14	0,15	0,13	0,14
08/07/2013	0,14	0,15	0,14	0,14
05/07/2013	0,15	0,15	0,14	0,14
04/07/2013	0,15	0,16	0,15	0,15
03/07/2013	0,14	0,15	0,14	0,14
02/07/2013	0,15	0,15	0,14	0,14
01/07/2013	0,16	0,16	0,15	0,15
28/06/2013	0,17	0,17	0,16	0,16
27/06/2013	0,16	0,17	0,16	0,16
26/06/2013	0,17	0,17	0,16	0,16
25/06/2013	0,18	0,18	0,17	0,17
24/06/2013	0,18	0,18	0,17	0,17
21/06/2013	0,20	0,20	0,18	0,18
20/06/2013	0,20	0,20	0,19	0,19
19/06/2013	0,21	0,21	0,20	0,20
18/06/2013	0,21	0,21	0,20	0,21
17/06/2013	0,22	0,22	0,21	0,21
14/06/2013	0,22	0,23	0,22	0,22
13/06/2013	0,23	0,23	0,22	0,23
12/06/2013	0,24	0,24	0,23	0,23
11/06/2013	0,23	0,24	0,23	0,23
10/06/2013	0,24	0,24	0,23	0,23
07/06/2013	0,25	0,25	0,23	0,23
06/06/2013	0,24	0,25	0,24	0,25
05/06/2013	0,23	0,24	0,23	0,24
04/06/2013	0,24	0,24	0,23	0,23
03/06/2013	0,24	0,24	0,23	0,24
31/05/2013	0,25	0,25	0,24	0,24
29/05/2013	0,26	0,26	0,25	0,25
28/05/2013	0,26	0,27	0,26	0,26
27/05/2013	0,26	0,26	0,25	0,25
24/05/2013	0,25	0,25	0,25	0,25
23/05/2013	0,25	0,26	0,24	0,25
22/05/2013	0,27	0,27	0,25	0,25
21/05/2013	0,26	0,27	0,26	0,27
20/05/2013	0,24	0,26	0,24	0,26
17/05/2013	0,23	0,24	0,23	0,24
16/05/2013	0,24	0,24	0,22	0,22
15/05/2013	0,23	0,24	0,23	0,24
14/05/2013	0,22	0,24	0,22	0,23
13/05/2013	0,23	0,23	0,22	0,22
10/05/2013	0,23	0,24	0,23	0,23
09/05/2013	0,24	0,24	0,23	0,23
08/05/2013	0,24	0,24	0,23	0,23
07/05/2013	0,23	0,24	0,23	0,24
06/05/2013	0,23	0,23	0,23	0,23
03/05/2013	0,21	0,23	0,21	0,23
02/05/2013	0,21	0,22	0,20	0,21
30/04/2013	0,21	0,21	0,20	0,21
29/04/2013	0,22	0,22	0,21	0,21
26/04/2013	0,24	0,24	0,22	0,22
25/04/2013	0,23	0,23	0,23	0,23
24/04/2013	0,23	0,23	0,23	0,23
23/04/2013	0,23	0,23	0,23	0,23
22/04/2013	0,24	0,24	0,23	0,23
19/04/2013	0,24	0,24	0,24	0,24
18/04/2013	0,24	0,24	0,23	0,24
17/04/2013	0,25	0,25	0,23	0,24
16/04/2013	0,25	0,26	0,25	0,25
15/04/2013	0,26	0,26	0,25	0,25
12/04/2013	0,25	0,26	0,24	0,25
11/04/2013	0,26	0,26	0,25	0,25
10/04/2013	0,26	0,27	0,26	0,26
09/04/2013	0,26	0,26	0,26	0,26
08/04/2013	0,26	0,27	0,26	0,26
05/04/2013	0,27	0,27	0,25	0,26
04/04/2013	0,27	0,27	0,27	0,27
03/04/2013	0,27	0,27	0,27	0,27
02/04/2013	0,26	0,27	0,26	0,27
01/04/2013	0,27	0,27	0,26	0,26
28/03/2013	0,26	0,27	0,26	0,27
27/03/2013	0,26	0,26	0,25	0,26
26/03/2013	0,27	0,27	0,26	0,26
25/03/2013	0,27	0,27	0,26	0,27
22/03/2013	0,27	0,27	0,26	0,26
21/03/2013	0,26	0,27	0,26	0,27
20/03/2013	0,27	0,27	0,26	0,26
19/03/2013	0,27	0,27	0,26	0,26
18/03/2013	0,27	0,27	0,27	0,27
15/03/2013	0,28	0,28	0,27	0,27
14/03/2013	0,27	0,28	0,27	0,28
13/03/2013	0,28	0,29	0,27	0,27
12/03/2013	0,28	0,29	0,28	0,29
11/03/2013	0,27	0,28	0,27	0,28
08/03/2013	0,28	0,28	0,27	0,27
07/03/2013	0,28	0,29	0,27	0,27
06/03/2013	0,29	0,29	0,28	0,28
05/03/2013	0,28	0,29	0,27	0,28
04/03/2013	0,29	0,29	0,27	0,27
01/03/2013	0,29	0,29	0,29	0,29
28/02/2013	0,30	0,30	0,29	0,29
27/02/2013	0,30	0,31	0,30	0,30
26/02/2013	0,31	0,31	0,30	0,30
25/02/2013	0,31	0,32	0,31	0,31
22/02/2013	0,31	0,32	0,31	0,31
21/02/2013	0,31	0,31	0,30	0,31
20/02/2013	0,32	0,32	0,30	0,31
19/02/2013	0,31	0,32	0,31	0,32
18/02/2013	0,32	0,32	0,31	0,31
15/02/2013	0,32	0,33	0,32	0,32
14/02/2013	0,32	0,33	0,32	0,33
13/02/2013	0,33	0,33	0,32	0,32
08/02/2013	0,34	0,34	0,32	0,33
07/02/2013	0,33	0,34	0,33	0,33
06/02/2013	0,34	0,34	0,33	0,33
05/02/2013	0,36	0,37	0,34	0,34
04/02/2013	0,36	0,37	0,36	0,36
01/02/2013	0,35	0,37	0,35	0,36
31/01/2013	0,34	0,35	0,33	0,35
30/01/2013	0,35	0,35	0,34	0,34
29/01/2013	0,34	0,35	0,34	0,35
28/01/2013	0,33	0,34	0,33	0,34
24/01/2013	0,34	0,35	0,33	0,33
23/01/2013	0,34	0,35	0,34	0,34
22/01/2013	0,35	0,35	0,34	0,34
21/01/2013	0,35	0,36	0,34	0,35
18/01/2013	0,36	0,36	0,35	0,35
17/01/2013	0,37	0,37	0,36	0,36
16/01/2013	0,37	0,38	0,36	0,37
15/01/2013	0,38	0,38	0,37	0,37
14/01/2013	0,37	0,38	0,37	0,37
11/01/2013	0,37	0,37	0,36	0,36
10/01/2013	0,37	0,38	0,37	0,37
09/01/2013	0,37	0,38	0,37	0,37
08/01/2013	0,38	0,38	0,37	0,37
07/01/2013	0,38	0,38	0,37	0,38
04/01/2013	0,39	0,39	0,38	0,38
03/01/2013	0,37	0,40	0,37	0,39
02/01/2013	0,35	0,37	0,35	0,37
28/12/2012	0,35	0,36	0,35	0,35
27/12/2012	0,36	0,36	0,35	0,35
26/12/2012	0,35	0,36	0,35	0,36
21/12/2012	0,34	0,36	0,34	0,35
20/12/2012	0,34	0,36	0,34	0,36
19/12/2012	0,35	0,35	0,35	0,35
18/12/2012	0,35	0,36	0,35	0,35
17/12/2012	0,35	0,36	0,34	0,35
14/12/2012	0,33	0,35	0,32	0,35
13/12/2012	0,33	0,33	0,32	0,33
12/12/2012	0,33	0,33	0,32	0,33
11/12/2012	0,33	0,33	0,32	0,33
10/12/2012	0,33	0,34	0,32	0,33
07/12/2012	0,32	0,33	0,32	0,33
06/12/2012	0,32	0,33	0,32	0,32
05/12/2012	0,34	0,34	0,32	0,32
04/12/2012	0,33	0,34	0,33	0,33
03/12/2012	0,33	0,34	0,33	0,33
30/11/2012	0,33	0,33	0,32	0,33
29/11/2012	0,30	0,33	0,30	0,32
28/11/2012	0,31	0,31	0,30	0,30
27/11/2012	0,31	0,31	0,31	0,31
26/11/2012	0,31	0,31	0,30	0,31
23/11/2012	0,30	0,31	0,30	0,31
22/11/2012	0,31	0,31	0,30	0,30
21/11/2012	0,30	0,31	0,30	0,30
19/11/2012	0,31	0,31	0,30	0,30
16/11/2012	0,31	0,31	0,31	0,31
14/11/2012	0,31	0,31	0,31	0,31
13/11/2012	0,31	0,31	0,30	0,31
12/11/2012	0,32	0,32	0,31	0,31
09/11/2012	0,33	0,33	0,32	0,32
08/11/2012	0,33	0,34	0,32	0,33
07/11/2012	0,34	0,34	0,33	0,33
06/11/2012	0,34	0,34	0,33	0,34
05/11/2012	0,34	0,34	0,33	0,34
01/11/2012	0,33	0,34	0,32	0,33
31/10/2012	0,32	0,33	0,32	0,33
30/10/2012	0,33	0,34	0,32	0,33
29/10/2012	0,34	0,34	0,33	0,33
26/10/2012	0,34	0,34	0,33	0,33
25/10/2012	0,35	0,35	0,34	0,34
24/10/2012	0,35	0,35	0,35	0,35
23/10/2012	0,35	0,36	0,35	0,35
22/10/2012	0,35	0,36	0,35	0,36
19/10/2012	0,36	0,36	0,35	0,35
18/10/2012	0,36	0,37	0,36	0,36
17/10/2012	0,37	0,37	0,36	0,37
16/10/2012	0,38	0,38	0,37	0,37
15/10/2012	0,37	0,38	0,37	0,38
11/10/2012	0,37	0,38	0,37	0,37
10/10/2012	0,36	0,38	0,36	0,38
09/10/2012	0,36	0,37	0,35	0,35
08/10/2012	0,37	0,37	0,36	0,36
05/10/2012	0,36	0,38	0,36	0,37
04/10/2012	0,34	0,36	0,34	0,36
03/10/2012	0,35	0,35	0,34	0,34
02/10/2012	0,35	0,35	0,34	0,35
01/10/2012	0,35	0,36	0,35	0,35
28/09/2012	0,37	0,37	0,35	0,35
27/09/2012	0,37	0,37	0,35	0,36
26/09/2012	0,38	0,38	0,35	0,37
25/09/2012	0,38	0,38	0,37	0,38
24/09/2012	0,37	0,38	0,37	0,38
21/09/2012	0,38	0,38	0,37	0,38
20/09/2012	0,37	0,38	0,37	0,38
19/09/2012	0,38	0,38	0,37	0,37
18/09/2012	0,37	0,37	0,37	0,37
17/09/2012	0,37	0,38	0,36	0,38
14/09/2012	0,38	0,38	0,37	0,37
13/09/2012	0,37	0,38	0,37	0,38
12/09/2012	0,37	0,37	0,36	0,37
11/09/2012	0,36	0,37	0,36	0,37
10/09/2012	0,36	0,36	0,35	0,36
06/09/2012	0,33	0,36	0,33	0,35
05/09/2012	0,33	0,34	0,32	0,34
04/09/2012	0,33	0,33	0,32	0,33
03/09/2012	0,33	0,33	0,33	0,33
31/08/2012	0,32	0,33	0,31	0,33
30/08/2012	0,32	0,32	0,31	0,32
29/08/2012	0,34	0,34	0,32	0,32
28/08/2012	0,34	0,34	0,33	0,34
27/08/2012	0,32	0,34	0,32	0,33
24/08/2012	0,31	0,32	0,31	0,32
23/08/2012	0,31	0,32	0,31	0,31
22/08/2012	0,31	0,32	0,31	0,31
21/08/2012	0,32	0,32	0,31	0,31
20/08/2012	0,32	0,32	0,31	0,32
17/08/2012	0,32	0,32	0,31	0,32
16/08/2012	0,32	0,32	0,31	0,32
15/08/2012	0,32	0,32	0,32	0,32
14/08/2012	0,31	0,32	0,31	0,32
13/08/2012	0,31	0,31	0,30	0,30
10/08/2012	0,32	0,32	0,31	0,31
09/08/2012	0,31	0,31	0,30	0,31
08/08/2012	0,31	0,32	0,30	0,31
07/08/2012	0,32	0,33	0,31	0,31
06/08/2012	0,31	0,32	0,30	0,32
03/08/2012	0,30	0,31	0,30	0,31
02/08/2012	0,30	0,30	0,30	0,30
01/08/2012	0,30	0,31	0,29	0,30
31/07/2012	0,29	0,30	0,29	0,30
30/07/2012	0,29	0,30	0,29	0,29
27/07/2012	0,28	0,29	0,28	0,29
26/07/2012	0,27	0,28	0,26	0,28
25/07/2012	0,27	0,27	0,26	0,27
24/07/2012	0,28	0,28	0,26	0,27
23/07/2012	0,27	0,28	0,27	0,28
20/07/2012	0,28	0,28	0,28	0,28
19/07/2012	0,27	0,28	0,27	0,28
18/07/2012	0,27	0,27	0,26	0,27
17/07/2012	0,26	0,27	0,26	0,27
16/07/2012	0,27	0,27	0,27	0,27
13/07/2012	0,27	0,27	0,27	0,27
12/07/2012	0,26	0,27	0,26	0,27
11/07/2012	0,27	0,27	0,26	0,26
10/07/2012	0,28	0,28	0,27	0,27
06/07/2012	0,27	0,28	0,27	0,28
05/07/2012	0,28	0,28	0,27	0,28
04/07/2012	0,28	0,28	0,27	0,28
03/07/2012	0,27	0,28	0,26	0,28
02/07/2012	0,27	0,27	0,27	0,27
29/06/2012	0,27	0,27	0,26	0,27
28/06/2012	0,26	0,26	0,25	0,26
27/06/2012	0,27	0,27	0,26	0,26
26/06/2012	0,28	0,28	0,27	0,27
25/06/2012	0,28	0,28	0,27	0,28
22/06/2012	0,29	0,29	0,28	0,28
21/06/2012	0,29	0,29	0,28	0,28
20/06/2012	0,30	0,30	0,28	0,29
19/06/2012	0,29	0,30	0,29	0,30
18/06/2012	0,29	0,29	0,29	0,29
15/06/2012	0,29	0,29	0,28	0,29
14/06/2012	0,28	0,29	0,28	0,29
13/06/2012	0,28	0,30	0,28	0,28
12/06/2012	0,27	0,28	0,27	0,28
11/06/2012	0,27	0,27	0,27	0,27
08/06/2012	0,26	0,27	0,26	0,26
06/06/2012	0,26	0,27	0,26	0,26
05/06/2012	0,26	0,26	0,26	0,26
04/06/2012	0,26	0,27	0,26	0,26
01/06/2012	0,26	0,27	0,26	0,26
31/05/2012	0,27	0,28	0,26	0,27
30/05/2012	0,27	0,28	0,27	0,27
29/05/2012	0,28	0,29	0,27	0,28
28/05/2012	0,27	0,28	0,27	0,28
25/05/2012	0,25	0,27	0,25	0,27
24/05/2012	0,27	0,27	0,25	0,25
23/05/2012	0,26	0,27	0,25	0,26
22/05/2012	0,27	0,27	0,26	0,26
21/05/2012	0,26	0,27	0,26	0,26
18/05/2012	0,28	0,29	0,26	0,26
17/05/2012	0,29	0,29	0,28	0,28
16/05/2012	0,30	0,31	0,29	0,29
15/05/2012	0,33	0,33	0,29	0,30
14/05/2012	0,34	0,34	0,33	0,33
11/05/2012	0,36	0,36	0,34	0,35
10/05/2012	0,36	0,36	0,36	0,36
09/05/2012	0,35	0,36	0,35	0,36
08/05/2012	0,35	0,36	0,35	0,36
07/05/2012	0,34	0,36	0,34	0,36
04/05/2012	0,35	0,36	0,34	0,35
03/05/2012	0,34	0,35	0,34	0,35
02/05/2012	0,33	0,34	0,33	0,34
30/04/2012	0,33	0,33	0,32	0,33
27/04/2012	0,32	0,33	0,32	0,33
26/04/2012	0,33	0,33	0,31	0,32
25/04/2012	0,33	0,34	0,32	0,33
24/04/2012	0,33	0,33	0,33	0,33
23/04/2012	0,34	0,34	0,33	0,33
20/04/2012	0,36	0,36	0,34	0,34
19/04/2012	0,36	0,37	0,35	0,35
18/04/2012	0,36	0,36	0,35	0,36
17/04/2012	0,36	0,37	0,36	0,36
16/04/2012	0,36	0,36	0,35	0,36
13/04/2012	0,35	0,36	0,34	0,35
12/04/2012	0,34	0,35	0,34	0,35
11/04/2012	0,35	0,35	0,33	0,33
10/04/2012	0,34	0,34	0,33	0,34
09/04/2012	0,35	0,35	0,33	0,34
05/04/2012	0,35	0,36	0,35	0,35
04/04/2012	0,35	0,36	0,35	0,36
03/04/2012	0,35	0,36	0,35	0,36
02/04/2012	0,35	0,36	0,34	0,36
30/03/2012	0,34	0,35	0,33	0,34
29/03/2012	0,34	0,34	0,32	0,33
28/03/2012	0,34	0,35	0,33	0,34
27/03/2012	0,35	0,36	0,34	0,34
26/03/2012	0,35	0,35	0,35	0,35
23/03/2012	0,33	0,35	0,32	0,34
22/03/2012	0,33	0,33	0,33	0,33
21/03/2012	0,33	0,34	0,33	0,33
20/03/2012	0,33	0,34	0,32	0,33
19/03/2012	0,33	0,34	0,33	0,33
16/03/2012	0,34	0,34	0,33	0,33
15/03/2012	0,34	0,35	0,33	0,34
14/03/2012	0,35	0,35	0,34	0,34
13/03/2012	0,35	0,36	0,35	0,35
12/03/2012	0,35	0,36	0,35	0,35
09/03/2012	0,36	0,37	0,35	0,35
08/03/2012	0,35	0,37	0,35	0,36
07/03/2012	0,33	0,35	0,33	0,35
06/03/2012	0,33	0,34	0,32	0,34
05/03/2012	0,34	0,35	0,33	0,34
02/03/2012	0,34	0,35	0,34	0,34
01/03/2012	0,34	0,34	0,34	0,34
29/02/2012	0,34	0,34	0,33	0,34
28/02/2012	0,34	0,34	0,33	0,34
27/02/2012	0,33	0,34	0,32	0,34
24/02/2012	0,32	0,35	0,32	0,34
23/02/2012	0,30	0,32	0,30	0,32
22/02/2012	0,30	0,30	0,29	0,30
17/02/2012	0,29	0,30	0,29	0,29
16/02/2012	0,29	0,30	0,29	0,29
15/02/2012	0,29	0,30	0,29	0,29
14/02/2012	0,29	0,29	0,28	0,28
13/02/2012	0,29	0,29	0,29	0,29
10/02/2012	0,28	0,29	0,28	0,29
09/02/2012	0,29	0,29	0,28	0,29
08/02/2012	0,29	0,29	0,28	0,28
07/02/2012	0,28	0,29	0,28	0,29
06/02/2012	0,29	0,29	0,28	0,28
03/02/2012	0,30	0,31	0,28	0,29
02/02/2012	0,30	0,31	0,30	0,30
01/02/2012	0,29	0,30	0,29	0,30
31/01/2012	0,29	0,29	0,29	0,29
30/01/2012	0,29	0,29	0,29	0,29
27/01/2012	0,29	0,30	0,29	0,30
26/01/2012	0,28	0,29	0,28	0,29
24/01/2012	0,28	0,28	0,28	0,28
23/01/2012	0,28	0,28	0,28	0,28
20/01/2012	0,28	0,28	0,28	0,28
19/01/2012	0,28	0,28	0,27	0,28
18/01/2012	0,28	0,28	0,27	0,28
17/01/2012	0,28	0,28	0,27	0,28
16/01/2012	0,27	0,28	0,27	0,27
13/01/2012	0,27	0,27	0,26	0,27
12/01/2012	0,27	0,27	0,27	0,27
11/01/2012	0,26	0,27	0,26	0,27
10/01/2012	0,27	0,27	0,26	0,26
09/01/2012	0,27	0,27	0,26	0,27
06/01/2012	0,26	0,27	0,26	0,27
05/01/2012	0,26	0,26	0,26	0,26
04/01/2012	0,27	0,27	0,26	0,26
03/01/2012	0,27	0,27	0,27	0,27
02/01/2012	0,27	0,27	0,27	0,27
29/12/2011	0,27	0,27	0,26	0,27
28/12/2011	0,27	0,27	0,26	0,27
27/12/2011	0,27	0,27	0,27	0,27
26/12/2011	0,27	0,27	0,27	0,27
23/12/2011	0,26	0,27	0,26	0,27
22/12/2011	0,29	0,29	0,26	0,26
21/12/2011	0,30	0,30	0,28	0,28
20/12/2011	0,29	0,30	0,29	0,30
19/12/2011	0,30	0,31	0,29	0,29
16/12/2011	0,29	0,30	0,29	0,30
15/12/2011	0,29	0,29	0,29	0,29
14/12/2011	0,30	0,30	0,29	0,29
13/12/2011	0,30	0,30	0,29	0,30
12/12/2011	0,30	0,30	0,30	0,30
09/12/2011	0,31	0,31	0,30	0,30
08/12/2011	0,31	0,31	0,30	0,30
07/12/2011	0,31	0,32	0,31	0,31
06/12/2011	0,32	0,32	0,31	0,31
05/12/2011	0,33	0,34	0,32	0,32
02/12/2011	0,34	0,35	0,32	0,33
01/12/2011	0,33	0,34	0,33	0,34
30/11/2011	0,30	0,32	0,30	0,31
29/11/2011	0,30	0,30	0,29	0,30
28/11/2011	0,29	0,30	0,29	0,30
25/11/2011	0,29	0,29	0,29	0,29
24/11/2011	0,29	0,29	0,29	0,29
23/11/2011	0,29	0,29	0,28	0,28
22/11/2011	0,31	0,31	0,29	0,29
21/11/2011	0,32	0,32	0,30	0,30
18/11/2011	0,32	0,33	0,32	0,32
17/11/2011	0,32	0,33	0,32	0,32
16/11/2011	0,33	0,33	0,32	0,32
14/11/2011	0,34	0,34	0,33	0,33
11/11/2011	0,36	0,36	0,33	0,34
10/11/2011	0,36	0,37	0,36	0,37
09/11/2011	0,37	0,37	0,36	0,36
08/11/2011	0,38	0,39	0,37	0,38
07/11/2011	0,38	0,39	0,37	0,38
04/11/2011	0,38	0,38	0,37	0,37
03/11/2011	0,37	0,38	0,37	0,38
01/11/2011	0,37	0,37	0,36	0,37
31/10/2011	0,38	0,38	0,38	0,38
28/10/2011	0,37	0,39	0,37	0,39
27/10/2011	0,38	0,38	0,37	0,37
26/10/2011	0,36	0,36	0,35	0,36
25/10/2011	0,36	0,36	0,35	0,36
24/10/2011	0,36	0,36	0,36	0,36
21/10/2011	0,36	0,36	0,36	0,36
20/10/2011	0,36	0,36	0,35	0,36
19/10/2011	0,35	0,37	0,35	0,36
18/10/2011	0,34	0,35	0,34	0,35
17/10/2011	0,35	0,35	0,34	0,34
14/10/2011	0,34	0,35	0,34	0,35
13/10/2011	0,33	0,35	0,33	0,35
11/10/2011	0,33	0,34	0,33	0,34
10/10/2011	0,33	0,33	0,33	0,33
07/10/2011	0,33	0,34	0,32	0,32
06/10/2011	0,34	0,34	0,32	0,33
05/10/2011	0,33	0,33	0,32	0,33
04/10/2011	0,32	0,33	0,32	0,32
03/10/2011	0,34	0,34	0,32	0,32
30/09/2011	0,35	0,35	0,33	0,34
29/09/2011	0,35	0,36	0,35	0,35
28/09/2011	0,36	0,36	0,35	0,35
27/09/2011	0,36	0,36	0,35	0,36
26/09/2011	0,36	0,36	0,35	0,35
23/09/2011	0,35	0,36	0,34	0,35
22/09/2011	0,36	0,37	0,34	0,35
21/09/2011	0,39	0,39	0,38	0,38
20/09/2011	0,40	0,40	0,39	0,39
19/09/2011	0,39	0,40	0,39	0,40
16/09/2011	0,40	0,41	0,39	0,40
15/09/2011	0,41	0,42	0,40	0,40
14/09/2011	0,42	0,42	0,39	0,40
13/09/2011	0,42	0,43	0,41	0,41
12/09/2011	0,40	0,42	0,40	0,42
09/09/2011	0,42	0,42	0,40	0,41
08/09/2011	0,42	0,44	0,41	0,42
06/09/2011	0,40	0,42	0,39	0,42
05/09/2011	0,41	0,41	0,39	0,41
02/09/2011	0,40	0,41	0,39	0,41
01/09/2011	0,40	0,40	0,38	0,40
31/08/2011	0,36	0,37	0,36	0,37
30/08/2011	0,35	0,36	0,35	0,36
29/08/2011	0,34	0,35	0,34	0,35
26/08/2011	0,35	0,36	0,34	0,34
25/08/2011	0,36	0,37	0,35	0,35
24/08/2011	0,37	0,37	0,36	0,36
23/08/2011	0,37	0,37	0,36	0,37
22/08/2011	0,37	0,38	0,36	0,37
19/08/2011	0,37	0,38	0,37	0,37
18/08/2011	0,37	0,38	0,35	0,38
17/08/2011	0,38	0,39	0,37	0,38
16/08/2011	0,38	0,38	0,36	0,38
15/08/2011	0,37	0,39	0,37	0,39
12/08/2011	0,36	0,38	0,35	0,38
11/08/2011	0,32	0,36	0,32	0,36
10/08/2011	0,32	0,32	0,31	0,32
09/08/2011	0,32	0,33	0,30	0,32
08/08/2011	0,31	0,33	0,31	0,32
05/08/2011	0,35	0,36	0,32	0,34
04/08/2011	0,37	0,37	0,35	0,35
03/08/2011	0,40	0,40	0,37	0,39
02/08/2011	0,40	0,41	0,40	0,40
01/08/2011	0,40	0,41	0,39	0,40
29/07/2011	0,41	0,41	0,39	0,40
28/07/2011	0,43	0,43	0,41	0,41
27/07/2011	0,44	0,44	0,42	0,43
26/07/2011	0,42	0,44	0,42	0,44
25/07/2011	0,42	0,44	0,42	0,43
22/07/2011	0,41	0,43	0,41	0,43
21/07/2011	0,42	0,42	0,41	0,41
20/07/2011	0,43	0,43	0,41	0,41
19/07/2011	0,40	0,43	0,40	0,43
18/07/2011	0,42	0,42	0,40	0,40
15/07/2011	0,44	0,44	0,41	0,42
14/07/2011	0,45	0,45	0,43	0,43
13/07/2011	0,46	0,46	0,44	0,45
12/07/2011	0,45	0,46	0,44	0,46
11/07/2011	0,46	0,47	0,45	0,45
08/07/2011	0,47	0,47	0,46	0,47
07/07/2011	0,48	0,49	0,47	0,47
06/07/2011	0,48	0,48	0,48	0,48
05/07/2011	0,48	0,49	0,47	0,48
04/07/2011	0,46	0,47	0,46	0,47
01/07/2011	0,47	0,47	0,46	0,47
30/06/2011	0,47	0,47	0,46	0,47
29/06/2011	0,47	0,47	0,46	0,47
28/06/2011	0,46	0,47	0,46	0,47
27/06/2011	0,47	0,47	0,46	0,46
24/06/2011	0,47	0,48	0,46	0,47
22/06/2011	0,47	0,48	0,47	0,47
21/06/2011	0,46	0,48	0,46	0,48
20/06/2011	0,47	0,47	0,46	0,47
17/06/2011	0,48	0,48	0,46	0,48
16/06/2011	0,48	0,49	0,46	0,48
15/06/2011	0,49	0,49	0,48	0,49
14/06/2011	0,50	0,51	0,48	0,49
13/06/2011	0,49	0,51	0,49	0,50
10/06/2011	0,49	0,49	0,48	0,49
09/06/2011	0,48	0,50	0,48	0,49
08/06/2011	0,48	0,48	0,47	0,48
07/06/2011	0,48	0,48	0,47	0,48
06/06/2011	0,48	0,48	0,47	0,48
03/06/2011	0,47	0,48	0,47	0,48
02/06/2011	0,46	0,48	0,46	0,47
01/06/2011	0,46	0,47	0,45	0,47
31/05/2011	0,46	0,46	0,45	0,46
30/05/2011	0,45	0,46	0,45	0,46
27/05/2011	0,45	0,46	0,45	0,46
26/05/2011	0,44	0,45	0,44	0,45
25/05/2011	0,45	0,45	0,44	0,44
24/05/2011	0,46	0,46	0,45	0,45
23/05/2011	0,45	0,46	0,45	0,46
20/05/2011	0,46	0,46	0,45	0,46
19/05/2011	0,46	0,46	0,45	0,46
18/05/2011	0,46	0,46	0,45	0,46
17/05/2011	0,46	0,47	0,46	0,46
16/05/2011	0,47	0,47	0,46	0,47
13/05/2011	0,47	0,47	0,47	0,47
12/05/2011	0,47	0,47	0,47	0,47
11/05/2011	0,47	0,48	0,47	0,47
10/05/2011	0,46	0,48	0,46	0,48
09/05/2011	0,47	0,47	0,46	0,46
06/05/2011	0,47	0,47	0,46	0,47
05/05/2011	0,47	0,47	0,47	0,47
04/05/2011	0,47	0,47	0,47	0,47
03/05/2011	0,48	0,48	0,47	0,47
02/05/2011	0,46	0,48	0,46	0,47
