Data	Abertura	Máxima	Mínima	Fechamento
01/06/2022	13,54	13,55	13,34	13,42
31/05/2022	13,45	13,55	13,42	13,51
30/05/2022	13,39	13,44	13,30	13,30
27/05/2022	13,58	13,58	13,37	13,43
26/05/2022	13,90	13,90	13,53	13,58
25/05/2022	13,87	14,03	13,87	13,90
24/05/2022	13,57	13,99	13,57	13,77
23/05/2022	13,62	13,76	13,57	13,61
20/05/2022	13,76	13,76	13,62	13,62
19/05/2022	13,76	13,77	13,65	13,76
18/05/2022	13,59	13,82	13,56	13,76
17/05/2022	13,47	13,64	13,41	13,60
16/05/2022	13,50	13,51	13,38	13,47
13/05/2022	13,70	13,70	13,42	13,47
12/05/2022	13,34	13,93	13,30	13,93
11/05/2022	13,69	13,69	13,33	13,34
10/05/2022	14,19	14,19	13,58	13,58
09/05/2022	14,27	14,38	14,12	14,31
06/05/2022	14,13	14,27	14,10	14,21
05/05/2022	14,28	14,34	14,04	14,12
04/05/2022	14,04	14,23	13,92	14,23
03/05/2022	13,79	14,05	13,71	13,95
02/05/2022	13,99	13,99	13,73	13,77
29/04/2022	14,29	14,36	13,95	14,02
28/04/2022	14,42	14,56	14,30	14,37
27/04/2022	14,34	14,50	14,34	14,42
26/04/2022	14,03	14,42	14,03	14,33
25/04/2022	14,03	14,61	13,94	13,99
22/04/2022	14,21	14,22	13,95	14,03
20/04/2022	13,98	14,10	13,89	14,09
19/04/2022	14,03	14,15	13,95	14,07
18/04/2022	14,04	14,15	14,01	14,02
14/04/2022	14,00	14,05	13,91	14,04
13/04/2022	14,08	14,11	14,00	14,00
12/04/2022	14,01	14,13	13,98	14,09
11/04/2022	13,99	14,04	13,93	13,95
08/04/2022	13,95	14,06	13,89	13,98
07/04/2022	14,04	14,04	13,80	13,89
06/04/2022	13,96	13,98	13,81	13,98
05/04/2022	13,97	14,13	13,95	13,96
04/04/2022	13,97	14,07	13,92	13,95
01/04/2022	13,92	14,09	13,91	13,97
31/03/2022	13,76	13,99	13,74	13,93
30/03/2022	13,89	13,89	13,68	13,72
29/03/2022	13,99	14,01	13,79	13,86
28/03/2022	14,04	14,25	13,91	13,91
25/03/2022	13,76	14,13	13,76	14,04
24/03/2022	13,47	13,83	13,47	13,76
23/03/2022	13,53	13,65	13,49	13,58
22/03/2022	13,39	13,59	13,39	13,53
21/03/2022	13,37	13,47	13,33	13,39
18/03/2022	13,21	13,43	13,13	13,38
17/03/2022	13,10	13,22	13,05	13,21
16/03/2022	13,01	13,11	12,93	13,08
15/03/2022	12,87	13,02	12,82	12,94
14/03/2022	12,90	13,00	12,88	12,89
11/03/2022	12,99	13,14	12,84	12,90
10/03/2022	12,89	13,08	12,84	12,99
09/03/2022	12,67	13,00	12,66	12,90
08/03/2022	12,72	12,86	12,65	12,68
07/03/2022	13,01	13,13	12,80	12,84
04/03/2022	12,63	13,23	12,59	13,01
03/03/2022	12,67	12,74	12,58	12,63
02/03/2022	12,49	12,71	12,46	12,68
25/02/2022	12,49	12,62	12,44	12,49
24/02/2022	12,30	12,60	12,16	12,49
23/02/2022	12,31	12,66	12,31	12,47
22/02/2022	12,01	12,31	12,00	12,26
21/02/2022	12,05	12,13	11,92	12,01
18/02/2022	11,95	12,10	11,93	12,07
17/02/2022	11,90	11,93	11,84	11,91
16/02/2022	12,00	12,03	11,87	11,90
15/02/2022	11,91	12,04	11,84	12,00
14/02/2022	11,92	11,93	11,87	11,92
11/02/2022	12,02	12,05	11,88	11,92
10/02/2022	12,00	12,02	11,93	11,97
09/02/2022	11,92	11,97	11,80	11,96
08/02/2022	11,99	12,01	11,89	11,90
07/02/2022	11,89	12,02	11,89	11,95
04/02/2022	12,05	12,05	11,88	11,89
03/02/2022	11,95	12,03	11,89	12,01
02/02/2022	12,01	12,09	11,89	11,91
01/02/2022	12,05	12,09	11,89	11,94
31/01/2022	11,93	12,10	11,93	12,10
28/01/2022	11,97	12,01	11,86	11,93
27/01/2022	11,92	12,00	11,75	11,97
26/01/2022	12,05	12,16	11,90	11,92
25/01/2022	11,97	12,07	11,84	12,04
24/01/2022	12,01	12,17	11,94	11,94
21/01/2022	11,93	12,06	11,82	12,01
20/01/2022	11,62	11,94	11,62	11,92
19/01/2022	11,48	11,69	11,47	11,62
18/01/2022	11,43	11,48	11,40	11,48
17/01/2022	11,46	11,52	11,39	11,44
14/01/2022	11,48	11,48	11,39	11,44
13/01/2022	11,45	11,48	11,40	11,45
12/01/2022	11,39	11,50	11,39	11,45
11/01/2022	11,47	11,50	11,39	11,48
10/01/2022	11,50	11,52	11,40	11,47
07/01/2022	11,50	11,54	11,36	11,48
06/01/2022	11,52	11,52	11,38	11,50
05/01/2022	11,56	11,59	11,44	11,52
04/01/2022	11,48	11,63	11,42	11,56
03/01/2022	11,57	11,60	11,43	11,48
30/12/2021	11,53	11,55	11,46	11,55
29/12/2021	11,53	11,54	11,44	11,53
28/12/2021	11,57	11,59	11,45	11,53
27/12/2021	11,45	11,55	11,44	11,54
23/12/2021	11,53	11,55	11,41	11,44
22/12/2021	11,56	11,56	11,41	11,53
21/12/2021	11,51	11,57	11,37	11,57
20/12/2021	11,58	11,64	11,39	11,39
17/12/2021	11,57	11,73	11,50	11,50
16/12/2021	11,53	11,70	11,51	11,63
15/12/2021	11,42	11,56	11,33	11,53
14/12/2021	11,43	11,57	11,39	11,42
13/12/2021	11,27	11,44	11,27	11,44
10/12/2021	11,30	11,37	11,27	11,27
09/12/2021	11,28	11,30	11,18	11,25
08/12/2021	11,34	11,41	11,23	11,27
07/12/2021	11,54	11,59	11,34	11,34
06/12/2021	11,76	11,78	11,58	11,66
03/12/2021	11,59	11,79	11,39	11,54
02/12/2021	11,14	11,55	11,14	11,42
01/12/2021	10,96	11,15	10,85	10,93
30/11/2021	10,97	11,18	10,92	10,95
29/11/2021	10,92	11,11	10,92	10,96
26/11/2021	10,93	10,99	10,81	10,91
25/11/2021	10,80	11,00	10,79	10,96
24/11/2021	10,76	10,89	10,72	10,80
23/11/2021	10,74	10,83	10,59	10,75
22/11/2021	10,83	10,84	10,68	10,73
19/11/2021	10,80	10,89	10,72	10,83
18/11/2021	10,81	10,96	10,74	10,79
17/11/2021	10,96	10,96	10,74	10,81
16/11/2021	11,16	11,16	10,81	10,89
12/11/2021	11,23	11,31	11,12	11,16
11/11/2021	11,31	11,36	11,19	11,21
10/11/2021	11,32	11,50	11,23	11,36
09/11/2021	11,18	11,31	11,10	11,20
08/11/2021	11,25	11,29	11,05	11,18
05/11/2021	11,31	11,36	11,16	11,26
04/11/2021	11,48	11,49	11,19	11,19
03/11/2021	11,23	11,53	11,16	11,44
01/11/2021	11,16	11,32	11,08	11,20
29/10/2021	11,19	11,29	11,02	11,02
28/10/2021	11,22	11,40	11,16	11,18
27/10/2021	11,22	11,36	11,16	11,22
26/10/2021	11,28	11,33	11,16	11,23
25/10/2021	11,32	11,40	11,24	11,27
22/10/2021	11,31	11,35	11,04	11,20
21/10/2021	11,39	11,48	11,21	11,31
20/10/2021	11,51	11,59	11,35	11,49
19/10/2021	11,60	11,60	11,40	11,45
18/10/2021	11,51	11,63	11,42	11,51
15/10/2021	11,45	11,57	11,45	11,52
14/10/2021	11,40	11,48	11,38	11,45
13/10/2021	11,19	11,42	11,14	11,37
11/10/2021	11,24	11,25	11,13	11,14
08/10/2021	10,98	11,24	10,98	11,13
07/10/2021	10,97	11,07	10,87	10,99
06/10/2021	10,82	10,96	10,67	10,91
05/10/2021	10,91	10,92	10,79	10,82
04/10/2021	10,94	10,94	10,77	10,91
01/10/2021	11,05	11,05	10,89	10,93
30/09/2021	11,31	11,31	10,99	11,00
29/09/2021	11,12	11,32	11,12	11,17
28/09/2021	11,23	11,26	11,10	11,11
27/09/2021	11,18	11,29	11,10	11,17
24/09/2021	11,32	11,32	11,18	11,18
23/09/2021	11,27	11,34	11,16	11,34
22/09/2021	11,19	11,36	11,19	11,30
21/09/2021	11,11	11,28	11,11	11,21
20/09/2021	11,23	11,23	10,85	11,07
17/09/2021	11,39	11,41	11,26	11,29
16/09/2021	11,52	11,52	11,35	11,45
15/09/2021	11,60	11,63	11,46	11,47
14/09/2021	11,53	11,73	11,49	11,55
13/09/2021	11,42	11,52	11,35	11,50
10/09/2021	11,51	11,52	11,31	11,42
09/09/2021	11,23	11,49	11,17	11,43
08/09/2021	11,63	11,63	11,23	11,35
06/09/2021	11,51	11,63	11,42	11,63
03/09/2021	11,60	11,63	11,46	11,51
02/09/2021	11,66	11,66	11,51	11,55
01/09/2021	11,63	11,79	11,62	11,63
31/08/2021	11,67	11,73	11,55	11,63
30/08/2021	11,68	11,69	11,43	11,67
27/08/2021	11,72	11,72	11,51	11,69
26/08/2021	12,15	12,15	11,65	11,74
25/08/2021	12,14	12,30	12,01	12,30
24/08/2021	12,16	12,19	12,11	12,14
23/08/2021	12,21	12,31	12,06	12,13
20/08/2021	12,10	12,30	12,05	12,21
19/08/2021	12,05	12,18	11,93	12,10
18/08/2021	12,11	12,19	12,03	12,05
17/08/2021	12,02	12,17	11,78	12,05
16/08/2021	12,10	12,16	11,95	12,01
13/08/2021	12,06	12,11	11,92	12,11
12/08/2021	12,17	12,17	12,01	12,02
11/08/2021	12,10	12,24	11,96	12,10
10/08/2021	12,27	12,29	12,00	12,00
09/08/2021	12,13	12,27	12,04	12,27
06/08/2021	11,95	12,14	11,87	12,04
05/08/2021	12,04	12,09	11,91	11,95
04/08/2021	12,04	12,09	11,90	12,04
03/08/2021	11,95	12,04	11,88	11,95
02/08/2021	11,72	12,08	11,63	11,94
30/07/2021	11,65	11,74	11,52	11,74
29/07/2021	11,69	11,73	11,58	11,64
28/07/2021	11,60	11,72	11,55	11,69
27/07/2021	11,58	11,66	11,51	11,56
26/07/2021	11,74	11,74	11,48	11,58
23/07/2021	11,81	11,84	11,61	11,74
22/07/2021	11,82	11,89	11,78	11,81
21/07/2021	11,74	11,83	11,70	11,82
20/07/2021	11,63	11,82	11,57	11,74
19/07/2021	11,66	11,80	11,53	11,58
16/07/2021	11,58	11,73	11,53	11,64
15/07/2021	11,69	11,69	11,49	11,55
14/07/2021	11,50	11,69	11,49	11,69
13/07/2021	11,46	11,55	11,38	11,51
12/07/2021	11,51	11,52	11,36	11,46
08/07/2021	11,49	11,54	11,32	11,40
07/07/2021	11,52	11,58	11,32	11,53
06/07/2021	11,53	11,56	11,37	11,37
05/07/2021	11,42	11,51	11,35	11,51
02/07/2021	11,28	11,42	11,25	11,40
01/07/2021	11,29	11,37	11,11	11,22
30/06/2021	11,43	11,47	11,21	11,28
29/06/2021	11,59	11,59	11,37	11,42
28/06/2021	11,65	11,68	11,48	11,56
25/06/2021	11,76	11,80	11,44	11,80
24/06/2021	11,67	11,88	11,66	11,72
23/06/2021	11,95	11,95	11,76	11,78
22/06/2021	12,17	12,17	11,86	11,90
21/06/2021	12,25	12,26	11,95	12,07
18/06/2021	12,15	12,26	12,08	12,24
17/06/2021	12,23	12,31	12,04	12,13
16/06/2021	12,71	12,71	12,22	12,22
15/06/2021	12,37	12,39	12,29	12,38
14/06/2021	12,24	12,37	12,18	12,37
11/06/2021	12,40	12,40	12,13	12,18
10/06/2021	12,22	12,42	12,21	12,31
09/06/2021	12,37	12,37	12,12	12,22
08/06/2021	12,24	12,37	12,23	12,37
07/06/2021	12,22	12,38	12,11	12,29
04/06/2021	12,05	12,26	11,99	12,22
02/06/2021	12,06	12,16	11,97	12,06
01/06/2021	11,89	12,16	11,82	12,05
31/05/2021	11,92	11,95	11,64	11,82
28/05/2021	12,03	12,09	11,87	11,88
27/05/2021	12,22	12,22	11,95	12,03
26/05/2021	12,21	12,24	11,99	12,10
25/05/2021	12,24	12,34	12,09	12,15
24/05/2021	12,06	12,25	12,05	12,21
21/05/2021	12,05	12,06	11,95	12,02
20/05/2021	11,95	12,41	11,85	12,05
19/05/2021	11,79	12,05	11,74	11,93
18/05/2021	12,11	12,16	11,94	11,94
17/05/2021	12,01	12,23	11,94	12,00
14/05/2021	11,51	11,85	11,51	11,85
13/05/2021	10,97	11,22	10,97	11,22
12/05/2021	11,37	11,45	11,00	11,02
11/05/2021	11,39	11,39	10,96	11,35
10/05/2021	11,57	11,62	11,18	11,32
07/05/2021	11,52	11,55	11,14	11,43
06/05/2021	11,66	11,74	11,42	11,52
05/05/2021	11,85	11,85	10,72	11,80
04/05/2021	12,15	12,71	11,94	11,99
03/05/2021	12,04	12,21	11,93	12,12
30/04/2021	11,81	12,02	11,66	11,87
29/04/2021	11,60	11,74	11,47	11,66
28/04/2021	11,58	11,62	11,46	11,52
27/04/2021	11,59	11,64	11,47	11,53
26/04/2021	11,54	11,59	11,41	11,55
23/04/2021	11,61	11,70	11,47	11,49
22/04/2021	11,64	11,87	11,52	11,61
20/04/2021	11,64	11,72	11,56	11,64
19/04/2021	11,35	11,70	11,32	11,62
16/04/2021	11,17	11,42	11,13	11,31
15/04/2021	11,29	11,29	11,10	11,15
14/04/2021	11,19	11,25	11,02	11,18
13/04/2021	11,05	11,22	11,04	11,20
12/04/2021	11,07	11,17	11,01	11,06
09/04/2021	11,25	11,32	11,00	11,06
08/04/2021	11,27	11,32	11,18	11,25
07/04/2021	11,07	11,34	10,99	11,27
06/04/2021	11,06	11,19	10,97	11,04
05/04/2021	11,02	11,06	10,81	11,06
01/04/2021	11,09	11,14	10,70	10,79
31/03/2021	11,09	11,29	11,04	11,09
30/03/2021	10,85	11,16	10,74	11,09
29/03/2021	10,24	10,91	10,24	10,87
26/03/2021	10,19	10,27	10,12	10,24
25/03/2021	10,19	10,27	10,04	10,18
24/03/2021	10,32	10,35	10,11	10,11
23/03/2021	10,31	10,43	10,15	10,31
22/03/2021	10,26	10,37	10,14	10,30
19/03/2021	10,06	10,35	9,97	10,23
18/03/2021	10,29	10,29	10,01	10,06
17/03/2021	9,77	10,29	9,68	10,24
16/03/2021	9,58	9,90	9,58	9,77
15/03/2021	9,46	9,69	9,39	9,69
12/03/2021	9,40	9,44	9,25	9,41
11/03/2021	9,47	9,56	9,37	9,40
10/03/2021	9,33	9,45	9,20	9,37
09/03/2021	9,03	9,38	9,03	9,32
08/03/2021	9,26	9,28	8,99	9,03
05/03/2021	9,19	9,41	9,14	9,26
04/03/2021	8,86	9,29	8,83	9,17
03/03/2021	8,74	8,75	8,48	8,73
02/03/2021	8,64	8,73	8,46	8,73
01/03/2021	8,77	8,82	8,49	8,59
26/02/2021	8,66	8,87	8,66	8,71
25/02/2021	8,88	9,00	8,74	8,75
24/02/2021	8,88	8,98	8,88	8,88
23/02/2021	8,99	9,04	8,86	8,89
22/02/2021	9,08	9,08	8,75	8,99
19/02/2021	9,06	9,13	9,03	9,13
18/02/2021	9,23	9,28	9,03	9,06
17/02/2021	9,24	9,27	9,11	9,18
12/02/2021	9,31	9,31	9,18	9,22
11/02/2021	9,34	9,36	9,22	9,24
10/02/2021	9,32	9,35	9,21	9,26
09/02/2021	9,39	9,39	9,26	9,31
08/02/2021	9,40	9,44	9,28	9,36
05/02/2021	9,37	9,45	9,32	9,41
04/02/2021	9,46	9,52	9,35	9,39
03/02/2021	9,46	9,55	9,40	9,46
02/02/2021	9,31	9,56	9,31	9,46
01/02/2021	9,22	9,35	9,14	9,30
29/01/2021	9,28	9,28	9,13	9,16
28/01/2021	9,11	9,30	9,11	9,28
27/01/2021	9,11	9,27	9,09	9,10
26/01/2021	9,26	9,33	9,10	9,10
22/01/2021	9,39	9,39	9,10	9,22
21/01/2021	9,47	9,51	9,24	9,35
20/01/2021	9,59	9,62	9,44	9,45
19/01/2021	9,56	9,59	9,36	9,59
18/01/2021	9,56	9,66	9,47	9,52
15/01/2021	9,58	9,64	9,46	9,51
14/01/2021	9,66	9,67	9,48	9,57
13/01/2021	9,45	9,65	9,39	9,64
12/01/2021	9,22	9,44	9,21	9,44
11/01/2021	9,34	9,41	9,21	9,24
08/01/2021	9,24	9,34	9,13	9,33
07/01/2021	9,36	9,45	9,13	9,15
06/01/2021	9,50	9,52	9,29	9,36
05/01/2021	9,36	9,56	9,26	9,37
04/01/2021	9,50	9,56	9,34	9,36
30/12/2020	9,56	9,56	9,42	9,50
29/12/2020	9,53	9,56	9,46	9,51
28/12/2020	9,39	9,53	9,39	9,50
23/12/2020	9,35	9,46	9,29	9,35
22/12/2020	9,41	9,42	9,30	9,35
21/12/2020	9,52	9,52	9,22	9,30
18/12/2020	9,63	9,68	9,48	9,52
17/12/2020	9,59	9,63	9,49	9,63
16/12/2020	9,56	9,58	9,41	9,56
15/12/2020	9,64	9,64	9,44	9,53
14/12/2020	9,66	9,70	9,48	9,62
11/12/2020	9,36	9,63	9,31	9,63
10/12/2020	9,40	9,47	9,23	9,35
09/12/2020	9,42	9,47	9,31	9,40
08/12/2020	9,39	9,52	9,37	9,42
07/12/2020	9,31	9,53	9,23	9,42
04/12/2020	9,42	9,48	9,26	9,28
03/12/2020	9,23	9,48	9,20	9,40
02/12/2020	9,36	9,38	9,18	9,23
01/12/2020	9,38	9,38	9,27	9,33
30/11/2020	9,32	9,38	9,26	9,34
27/11/2020	9,34	9,38	9,31	9,31
26/11/2020	9,26	9,35	9,22	9,29
25/11/2020	9,26	9,33	9,23	9,25
24/11/2020	9,15	9,28	9,05	9,26
23/11/2020	9,30	9,30	9,06	9,14
20/11/2020	9,24	9,31	9,17	9,20
19/11/2020	9,15	9,37	9,14	9,24
18/11/2020	9,21	9,21	9,04	9,14
17/11/2020	9,05	9,11	8,89	9,09
16/11/2020	9,02	9,33	8,96	9,33
13/11/2020	8,75	9,00	8,66	8,92
12/11/2020	8,54	8,86	8,54	8,62
11/11/2020	8,38	8,38	8,28	8,29
10/11/2020	8,25	8,35	8,21	8,29
09/11/2020	8,25	8,50	8,21	8,23
06/11/2020	8,07	8,24	8,00	8,20
05/11/2020	7,90	8,10	7,90	8,06
04/11/2020	7,68	7,95	7,68	7,86
03/11/2020	7,66	7,76	7,66	7,67
30/10/2020	7,73	7,73	7,59	7,65
29/10/2020	7,71	7,78	7,63	7,68
28/10/2020	7,81	7,81	7,64	7,72
27/10/2020	7,84	7,88	7,80	7,82
26/10/2020	7,77	7,86	7,75	7,84
23/10/2020	7,81	7,82	7,76	7,77
22/10/2020	7,82	7,84	7,75	7,80
21/10/2020	7,82	7,83	7,75	7,79
20/10/2020	7,77	7,83	7,68	7,81
19/10/2020	7,72	7,78	7,64	7,75
16/10/2020	7,68	7,72	7,61	7,72
15/10/2020	7,68	7,68	7,60	7,67
14/10/2020	7,63	7,69	7,60	7,69
13/10/2020	7,64	7,66	7,57	7,63
09/10/2020	7,68	7,68	7,59	7,61
08/10/2020	7,67	7,69	7,63	7,64
07/10/2020	7,64	7,68	7,56	7,64
06/10/2020	7,63	7,71	7,58	7,62
05/10/2020	7,70	7,70	7,59	7,63
02/10/2020	7,67	7,71	7,58	7,63
01/10/2020	7,62	7,67	7,57	7,67
30/09/2020	7,68	7,68	7,58	7,61
29/09/2020	7,64	7,64	7,52	7,60
28/09/2020	7,69	7,72	7,55	7,59
25/09/2020	7,74	7,74	7,66	7,69
24/09/2020	7,65	7,76	7,65	7,74
23/09/2020	7,73	7,75	7,64	7,64
22/09/2020	7,72	7,78	7,66	7,72
21/09/2020	7,71	7,72	7,44	7,70
18/09/2020	7,82	7,84	7,67	7,67
17/09/2020	7,80	7,85	7,74	7,81
16/09/2020	7,84	7,84	7,76	7,80
15/09/2020	7,83	7,85	7,74	7,75
14/09/2020	7,77	7,83	7,72	7,83
11/09/2020	8,01	8,01	7,66	7,73
10/09/2020	7,92	8,03	7,77	8,01
09/09/2020	7,85	7,99	7,85	7,90
08/09/2020	7,72	7,84	7,67	7,83
04/09/2020	7,75	7,77	7,64	7,71
03/09/2020	7,76	7,83	7,67	7,75
02/09/2020	7,73	7,75	7,68	7,75
01/09/2020	7,71	7,79	7,64	7,72
31/08/2020	7,72	7,75	7,66	7,70
28/08/2020	7,73	7,73	7,68	7,72
27/08/2020	7,72	7,72	7,67	7,68
26/08/2020	7,72	7,76	7,64	7,72
25/08/2020	7,72	7,72	7,66	7,72
24/08/2020	7,78	7,78	7,66	7,67
21/08/2020	7,84	7,84	7,66	7,72
20/08/2020	7,84	7,84	7,65	7,78
19/08/2020	7,77	7,85	7,71	7,85
18/08/2020	7,86	7,86	7,71	7,77
17/08/2020	7,84	8,11	7,69	7,76
14/08/2020	7,71	7,80	7,59	7,80
13/08/2020	7,63	7,71	7,55	7,65
12/08/2020	7,60	7,63	7,48	7,52
11/08/2020	7,63	7,67	7,57	7,58
10/08/2020	7,61	7,65	7,57	7,63
07/08/2020	7,62	7,65	7,56	7,61
06/08/2020	7,61	7,62	7,48	7,61
05/08/2020	7,62	7,63	7,48	7,61
04/08/2020	7,60	7,66	7,44	7,61
03/08/2020	7,76	7,76	7,57	7,60
31/07/2020	7,76	7,80	7,64	7,68
30/07/2020	7,62	7,74	7,61	7,74
29/07/2020	7,68	7,72	7,60	7,62
28/07/2020	7,68	7,74	7,57	7,68
27/07/2020	7,53	7,68	7,53	7,62
24/07/2020	7,44	7,54	7,39	7,52
23/07/2020	7,50	7,53	7,42	7,44
22/07/2020	7,48	7,53	7,45	7,48
21/07/2020	7,49	7,51	7,45	7,46
20/07/2020	7,46	7,49	7,42	7,49
17/07/2020	7,45	7,47	7,42	7,46
16/07/2020	7,50	7,52	7,40	7,43
15/07/2020	7,52	7,52	7,44	7,51
14/07/2020	7,53	7,57	7,46	7,50
13/07/2020	7,55	7,58	7,52	7,52
10/07/2020	7,61	7,61	7,51	7,55
09/07/2020	7,63	7,65	7,53	7,56
08/07/2020	7,53	7,60	7,50	7,59
07/07/2020	7,58	7,60	7,48	7,51
06/07/2020	7,55	7,63	7,51	7,58
03/07/2020	7,51	7,54	7,51	7,53
02/07/2020	7,60	7,67	7,49	7,51
01/07/2020	7,58	7,64	7,50	7,60
30/06/2020	7,59	7,64	7,47	7,51
29/06/2020	7,47	7,57	7,47	7,53
26/06/2020	7,52	7,54	7,43	7,47
25/06/2020	7,49	7,76	7,44	7,50
24/06/2020	7,57	7,60	7,44	7,48
23/06/2020	7,66	7,71	7,55	7,57
22/06/2020	7,76	7,76	7,61	7,66
19/06/2020	7,68	7,84	7,68	7,76
18/06/2020	7,75	7,85	7,53	7,65
17/06/2020	7,65	7,75	7,48	7,75
16/06/2020	7,75	7,75	7,52	7,53
15/06/2020	7,47	7,60	7,38	7,52
12/06/2020	7,64	7,64	7,46	7,60
10/06/2020	7,72	7,77	7,61	7,68
09/06/2020	7,70	7,76	7,60	7,60
08/06/2020	7,69	7,77	7,64	7,71
05/06/2020	7,52	7,71	7,52	7,66
04/06/2020	7,60	7,67	7,44	7,47
03/06/2020	7,72	7,84	7,55	7,63
02/06/2020	7,76	7,78	7,64	7,70
01/06/2020	7,72	7,80	7,52	7,76
29/05/2020	7,52	7,67	7,52	7,57
28/05/2020	7,58	7,60	7,45	7,51
27/05/2020	7,45	7,68	7,45	7,57
26/05/2020	7,70	7,70	7,44	7,47
25/05/2020	7,47	7,64	7,37	7,45
22/05/2020	7,42	7,44	7,30	7,37
21/05/2020	7,16	7,49	7,12	7,43
20/05/2020	7,25	7,26	7,04	7,18
19/05/2020	7,27	7,31	7,16	7,17
18/05/2020	7,10	7,27	7,00	7,21
15/05/2020	7,05	7,33	6,88	6,99
14/05/2020	6,83	6,95	6,73	6,92
13/05/2020	6,76	6,86	6,69	6,86
12/05/2020	6,82	6,99	6,75	6,75
11/05/2020	7,00	7,00	6,83	6,83
08/05/2020	7,06	7,06	6,80	6,91
07/05/2020	7,14	7,18	6,87	6,90
06/05/2020	7,20	7,20	6,91	7,04
05/05/2020	7,17	7,17	6,96	7,02
04/05/2020	6,98	7,06	6,81	7,06
30/04/2020	7,08	7,15	6,94	6,99
29/04/2020	7,21	7,28	7,01	7,08
28/04/2020	7,28	7,29	7,14	7,18
27/04/2020	7,02	7,24	6,91	7,24
24/04/2020	7,06	7,13	6,64	6,92
23/04/2020	7,20	7,25	7,06	7,15
22/04/2020	6,81	7,20	6,81	7,17
20/04/2020	6,84	6,96	6,75	6,86
17/04/2020	6,98	7,07	6,75	6,83
16/04/2020	7,05	7,13	6,87	6,95
15/04/2020	6,99	7,13	6,90	7,05
14/04/2020	6,96	7,13	6,94	7,00
13/04/2020	6,97	6,97	6,69	6,84
09/04/2020	6,94	7,00	6,76	6,81
08/04/2020	6,92	6,98	6,68	6,75
07/04/2020	6,94	7,32	6,84	6,84
06/04/2020	6,89	7,02	6,79	6,84
03/04/2020	6,61	6,93	6,59	6,75
02/04/2020	6,44	6,69	6,43	6,69
01/04/2020	6,42	6,44	6,29	6,31
31/03/2020	6,42	6,64	6,42	6,44
30/03/2020	6,55	6,75	6,42	6,42
27/03/2020	6,68	6,71	6,41	6,67
26/03/2020	6,38	6,82	6,29	6,68
25/03/2020	6,48	6,60	6,17	6,21
24/03/2020	6,91	7,04	6,28	6,38
23/03/2020	6,89	6,89	6,16	6,18
20/03/2020	6,91	7,04	6,53	6,89
19/03/2020	6,68	7,05	6,15	6,60
18/03/2020	6,83	7,01	6,35	6,68
17/03/2020	7,07	7,40	6,84	6,91
16/03/2020	7,43	7,43	6,73	6,84
13/03/2020	7,66	8,06	6,97	7,47
12/03/2020	7,67	7,78	6,92	7,51
11/03/2020	7,77	8,06	7,52	7,67
10/03/2020	7,68	7,94	7,47	7,77
09/03/2020	7,47	7,66	7,21	7,66
06/03/2020	7,73	7,73	7,44	7,72
05/03/2020	8,05	8,05	7,60	7,75
04/03/2020	7,76	8,06	7,75	8,06
03/03/2020	7,80	7,99	7,68	7,71
02/03/2020	7,65	7,83	7,65	7,72
28/02/2020	7,56	7,67	7,14	7,63
27/02/2020	7,52	7,71	7,37	7,56
26/02/2020	7,67	7,73	7,52	7,57
21/02/2020	7,89	7,93	7,77	7,92
20/02/2020	8,09	8,17	7,80	7,86
19/02/2020	8,02	8,16	8,02	8,03
18/02/2020	8,02	8,03	7,90	8,02
17/02/2020	8,00	8,16	7,98	8,02
14/02/2020	7,98	8,05	7,90	7,90
13/02/2020	8,06	8,06	7,93	8,01
12/02/2020	7,80	8,06	7,80	8,06
11/02/2020	7,80	7,95	7,79	7,80
10/02/2020	7,80	7,86	7,65	7,80
07/02/2020	7,86	7,86	7,75	7,80
06/02/2020	8,09	8,13	7,83	7,86
05/02/2020	8,06	8,06	7,98	8,06
04/02/2020	8,06	8,16	7,96	7,96
03/02/2020	7,87	8,06	7,87	7,95
31/01/2020	8,01	8,06	7,80	7,87
30/01/2020	8,21	8,21	7,82	7,98
29/01/2020	8,19	8,20	8,06	8,06
28/01/2020	8,09	8,35	8,03	8,19
27/01/2020	8,17	8,18	7,98	8,09
24/01/2020	8,39	8,39	8,16	8,17
23/01/2020	8,14	8,22	8,08	8,19
22/01/2020	8,10	8,22	8,08	8,14
21/01/2020	8,29	8,37	8,06	8,10
20/01/2020	8,08	8,25	8,06	8,25
17/01/2020	7,93	8,09	7,89	8,09
16/01/2020	7,93	7,96	7,83	7,87
15/01/2020	7,86	7,90	7,82	7,87
14/01/2020	7,79	7,93	7,76	7,82
13/01/2020	7,83	7,86	7,75	7,79
10/01/2020	7,78	7,83	7,73	7,78
09/01/2020	7,83	7,83	7,60	7,73
08/01/2020	7,86	7,86	7,54	7,72
07/01/2020	7,93	7,94	7,79	7,82
06/01/2020	8,00	8,00	7,83	7,94
03/01/2020	7,96	7,98	7,83	7,91
02/01/2020	8,16	8,19	7,93	8,00
30/12/2019	8,03	8,15	7,97	8,06
27/12/2019	7,98	8,09	7,91	7,96
26/12/2019	7,92	7,98	7,86	7,91
23/12/2019	7,86	7,90	7,79	7,86
20/12/2019	7,94	7,95	7,79	7,86
19/12/2019	8,02	8,02	7,81	7,89
18/12/2019	7,96	8,02	7,84	8,01
17/12/2019	7,86	8,05	7,70	7,97
16/12/2019	7,74	7,82	7,65	7,79
13/12/2019	7,66	7,73	7,64	7,71
12/12/2019	7,54	7,71	7,54	7,62
11/12/2019	7,62	7,63	7,52	7,53
10/12/2019	7,53	7,60	7,42	7,49
09/12/2019	7,44	7,52	7,33	7,48
06/12/2019	7,43	7,44	7,36	7,38
05/12/2019	7,34	7,43	7,21	7,40
04/12/2019	7,33	7,37	7,29	7,34
03/12/2019	7,28	7,34	7,28	7,32
02/12/2019	7,24	7,39	7,18	7,28
29/11/2019	7,17	7,24	7,17	7,18
28/11/2019	7,13	7,18	7,11	7,17
27/11/2019	7,17	7,18	7,03	7,11
26/11/2019	7,17	7,18	7,02	7,16
25/11/2019	7,19	7,19	7,08	7,08
22/11/2019	7,12	7,22	7,10	7,16
21/11/2019	7,06	7,26	7,05	7,12
19/11/2019	7,11	7,14	7,02	7,05
18/11/2019	7,04	7,30	7,04	7,05
14/11/2019	7,04	7,11	6,99	7,02
13/11/2019	7,08	7,14	7,05	7,06
12/11/2019	7,11	7,12	6,99	7,08
11/11/2019	7,08	7,11	6,96	7,05
08/11/2019	7,14	7,18	7,02	7,08
07/11/2019	7,17	7,23	7,14	7,14
06/11/2019	7,22	7,27	7,08	7,08
05/11/2019	7,26	7,35	7,16	7,20
04/11/2019	7,14	7,26	7,14	7,20
01/11/2019	7,20	7,26	7,12	7,14
31/10/2019	7,12	7,17	7,05	7,17
30/10/2019	6,94	7,10	6,93	7,08
29/10/2019	6,97	7,02	6,94	6,97
28/10/2019	7,01	7,02	6,92	6,97
25/10/2019	7,00	7,03	6,91	6,95
24/10/2019	7,02	7,02	6,93	6,93
23/10/2019	7,04	7,07	6,93	7,02
22/10/2019	6,99	7,04	6,99	7,03
21/10/2019	6,95	7,02	6,93	6,98
18/10/2019	6,96	7,01	6,93	6,96
17/10/2019	6,92	6,97	6,84	6,95
16/10/2019	6,93	6,96	6,82	6,90
15/10/2019	6,96	7,02	6,91	6,91
14/10/2019	6,96	7,05	6,94	6,96
11/10/2019	6,89	7,00	6,83	6,96
10/10/2019	6,86	6,87	6,82	6,82
09/10/2019	6,88	6,95	6,84	6,85
08/10/2019	6,96	6,96	6,82	6,87
07/10/2019	7,06	7,06	6,83	6,97
04/10/2019	7,00	7,08	6,99	7,02
03/10/2019	7,05	7,09	6,90	6,99
02/10/2019	7,05	7,05	6,90	7,05
01/10/2019	7,05	7,05	6,99	7,03
30/09/2019	6,97	7,12	6,96	7,03
27/09/2019	7,02	7,02	6,90	7,02
26/09/2019	7,02	7,08	6,97	7,02
25/09/2019	7,02	7,11	6,97	7,02
24/09/2019	7,09	7,27	7,01	7,02
23/09/2019	7,10	7,13	6,97	7,08
20/09/2019	7,16	7,26	7,01	7,08
19/09/2019	7,13	7,35	7,12	7,15
18/09/2019	7,08	7,12	7,04	7,12
17/09/2019	7,08	7,08	6,97	7,08
16/09/2019	7,08	7,11	6,93	7,08
13/09/2019	7,15	7,15	6,98	7,07
12/09/2019	7,01	7,12	7,01	7,08
11/09/2019	6,90	7,01	6,84	7,01
10/09/2019	7,08	7,08	6,82	6,87
09/09/2019	7,08	7,08	6,90	7,00
06/09/2019	7,00	7,03	6,91	7,03
05/09/2019	7,01	7,08	6,97	7,00
04/09/2019	6,93	7,01	6,85	7,01
03/09/2019	6,90	6,93	6,78	6,84
02/09/2019	6,82	6,90	6,75	6,87
30/08/2019	6,82	6,86	6,78	6,82
29/08/2019	6,75	6,89	6,72	6,82
28/08/2019	6,77	6,81	6,69	6,72
27/08/2019	6,67	6,78	6,67	6,76
26/08/2019	6,73	6,81	6,67	6,81
23/08/2019	6,77	6,79	6,69	6,73
22/08/2019	6,97	6,97	6,75	6,75
21/08/2019	6,93	6,93	6,67	6,72
20/08/2019	6,89	6,90	6,66	6,67
19/08/2019	6,89	6,96	6,75	6,76
16/08/2019	6,79	6,89	6,67	6,75
15/08/2019	6,88	6,92	6,60	6,70
14/08/2019	6,92	7,06	6,78	6,82
13/08/2019	6,92	7,16	6,92	7,03
12/08/2019	7,03	7,03	6,84	6,92
09/08/2019	7,12	7,12	6,91	6,91
08/08/2019	6,91	7,03	6,87	6,91
07/08/2019	6,86	6,90	6,73	6,85
06/08/2019	6,62	6,89	6,60	6,86
05/08/2019	6,68	6,76	6,57	6,57
02/08/2019	6,70	6,70	6,58	6,69
01/08/2019	6,54	6,71	6,54	6,71
31/07/2019	6,68	6,68	6,46	6,46
30/07/2019	6,57	6,57	6,50	6,57
29/07/2019	6,60	6,62	6,46	6,49
26/07/2019	6,67	6,73	6,60	6,60
25/07/2019	6,71	6,77	6,60	6,65
24/07/2019	6,71	6,71	6,62	6,65
23/07/2019	6,62	6,71	6,58	6,66
22/07/2019	6,61	6,73	6,59	6,62
19/07/2019	6,66	6,66	6,58	6,60
18/07/2019	6,58	6,65	6,57	6,60
17/07/2019	6,51	6,54	6,48	6,52
16/07/2019	6,61	6,61	6,45	6,50
15/07/2019	6,74	6,74	6,51	6,51
12/07/2019	6,80	6,80	6,65	6,65
11/07/2019	6,76	6,84	6,68	6,71
10/07/2019	6,60	6,80	6,59	6,73
08/07/2019	6,62	6,62	6,49	6,58
05/07/2019	6,43	6,54	6,33	6,54
04/07/2019	6,45	6,52	6,39	6,49
03/07/2019	6,40	6,43	6,30	6,40
02/07/2019	6,43	6,43	6,33	6,36
01/07/2019	6,39	6,44	6,33	6,38
28/06/2019	6,35	6,42	6,30	6,33
27/06/2019	6,26	6,31	6,18	6,25
26/06/2019	6,27	6,30	6,21	6,25
25/06/2019	6,43	6,43	6,24	6,25
24/06/2019	6,27	6,73	6,27	6,34
21/06/2019	6,29	6,38	6,28	6,30
19/06/2019	6,19	6,43	6,15	6,33
18/06/2019	6,19	6,23	6,15	6,16
17/06/2019	6,13	6,16	6,08	6,08
14/06/2019	6,16	6,16	6,00	6,07
13/06/2019	6,23	6,36	6,16	6,16
12/06/2019	6,33	6,33	6,19	6,22
11/06/2019	6,26	6,33	6,26	6,29
10/06/2019	6,35	6,35	6,22	6,34
07/06/2019	6,33	6,43	6,33	6,37
06/06/2019	6,24	6,33	6,24	6,28
05/06/2019	6,22	6,29	6,10	6,21
04/06/2019	6,11	6,27	6,00	6,27
03/06/2019	6,18	6,32	6,06	6,11
31/05/2019	6,14	6,17	6,03	6,13
30/05/2019	6,05	6,20	5,97	6,00
29/05/2019	6,01	6,07	5,99	6,07
28/05/2019	5,94	6,07	5,94	6,00
27/05/2019	5,91	5,97	5,81	5,94
24/05/2019	5,94	6,00	5,85	5,91
23/05/2019	5,85	6,07	5,84	5,96
22/05/2019	5,92	5,92	5,69	5,85
21/05/2019	5,92	5,92	5,84	5,92
20/05/2019	5,69	5,88	5,49	5,87
17/05/2019	5,78	5,78	5,68	5,68
16/05/2019	5,85	5,88	5,77	5,79
15/05/2019	5,94	6,14	5,77	5,85
14/05/2019	6,12	6,14	5,93	5,94
13/05/2019	6,10	6,10	5,86	5,97
10/05/2019	6,11	6,11	5,95	6,09
09/05/2019	6,04	6,11	6,04	6,11
08/05/2019	6,05	6,09	6,01	6,06
07/05/2019	6,11	6,11	6,04	6,04
06/05/2019	6,08	6,14	6,03	6,03
03/05/2019	6,12	6,14	6,07	6,10
02/05/2019	6,02	6,12	6,02	6,12
30/04/2019	6,10	6,10	5,95	6,02
29/04/2019	6,02	6,06	5,97	6,02
26/04/2019	6,10	6,15	5,98	5,98
25/04/2019	5,97	6,11	5,97	6,10
24/04/2019	6,06	6,11	5,94	5,97
23/04/2019	5,99	6,07	5,97	6,04
22/04/2019	5,93	6,07	5,86	5,99
18/04/2019	5,89	5,89	5,82	5,82
17/04/2019	5,93	5,93	5,75	5,85
16/04/2019	5,85	5,96	5,79	5,92
15/04/2019	5,67	5,87	5,67	5,83
12/04/2019	5,79	5,88	5,64	5,64
11/04/2019	5,79	5,84	5,77	5,77
10/04/2019	5,85	5,89	5,85	5,85
09/04/2019	5,86	5,89	5,79	5,82
08/04/2019	5,75	5,92	5,75	5,86
05/04/2019	5,61	5,79	5,61	5,75
04/04/2019	5,63	5,68	5,61	5,61
03/04/2019	5,79	5,79	5,62	5,62
02/04/2019	5,68	5,71	5,59	5,65
01/04/2019	5,90	5,90	5,50	5,68
29/03/2019	5,71	5,89	5,61	5,63
28/03/2019	5,54	5,74	5,47	5,59
27/03/2019	5,75	5,75	5,46	5,51
26/03/2019	5,73	5,75	5,59	5,67
25/03/2019	5,68	5,75	5,57	5,69
22/03/2019	5,72	5,72	5,61	5,61
21/03/2019	5,82	5,82	5,61	5,71
20/03/2019	5,91	6,11	5,76	5,82
19/03/2019	5,99	5,99	5,88	5,89
18/03/2019	6,00	6,04	5,91	5,94
15/03/2019	5,95	5,99	5,89	5,95
14/03/2019	5,98	6,00	5,89	5,92
13/03/2019	5,85	6,03	5,77	6,03
12/03/2019	5,75	5,89	5,75	5,85
11/03/2019	5,65	5,82	5,61	5,75
08/03/2019	5,56	5,68	5,55	5,68
07/03/2019	5,61	5,75	5,48	5,54
06/03/2019	5,55	5,63	5,36	5,61
01/03/2019	5,57	5,74	5,54	5,56
28/02/2019	5,61	5,62	5,55	5,59
27/02/2019	5,56	5,61	5,55	5,57
26/02/2019	5,61	5,66	5,55	5,55
25/02/2019	5,57	5,64	5,55	5,56
22/02/2019	5,58	5,61	5,57	5,60
21/02/2019	5,79	5,80	5,57	5,58
20/02/2019	5,79	5,89	5,72	5,72
19/02/2019	5,75	5,82	5,68	5,72
18/02/2019	5,77	5,77	5,64	5,75
15/02/2019	5,72	5,78	5,66	5,78
14/02/2019	5,61	5,72	5,61	5,72
13/02/2019	5,67	5,72	5,65	5,72
12/02/2019	5,68	5,72	5,60	5,61
11/02/2019	5,69	5,72	5,59	5,69
08/02/2019	5,65	5,78	5,65	5,69
07/02/2019	5,62	5,79	5,57	5,65
06/02/2019	5,79	5,81	5,57	5,60
05/02/2019	5,75	5,82	5,71	5,82
04/02/2019	5,71	5,82	5,70	5,76
01/02/2019	5,69	5,79	5,68	5,71
31/01/2019	5,73	5,84	5,69	5,69
30/01/2019	5,79	5,82	5,73	5,74
29/01/2019	5,72	5,85	5,72	5,84
28/01/2019	5,82	5,86	5,68	5,71
24/01/2019	5,71	5,86	5,71	5,77
23/01/2019	5,69	5,79	5,69	5,71
22/01/2019	5,75	5,79	5,68	5,68
21/01/2019	5,77	5,77	5,68	5,73
18/01/2019	5,75	5,79	5,74	5,75
17/01/2019	5,72	5,82	5,67	5,76
16/01/2019	5,79	5,79	5,65	5,73
15/01/2019	5,84	6,10	5,66	5,67
14/01/2019	5,50	5,87	5,47	5,82
11/01/2019	5,71	5,77	5,61	5,71
10/01/2019	5,64	5,75	5,56	5,68
09/01/2019	5,74	5,74	5,64	5,68
08/01/2019	5,61	5,78	5,61	5,68
07/01/2019	5,75	5,79	5,61	5,61
04/01/2019	5,61	5,87	5,61	5,72
03/01/2019	5,47	5,54	5,40	5,53
02/01/2019	5,46	5,57	5,39	5,47
28/12/2018	5,46	5,48	5,38	5,46
27/12/2018	5,39	5,46	5,33	5,40
26/12/2018	5,32	5,47	5,32	5,46
21/12/2018	5,38	5,43	5,25	5,36
20/12/2018	5,31	5,31	5,23	5,23
19/12/2018	5,46	5,46	5,28	5,28
18/12/2018	5,59	5,60	5,28	5,34
17/12/2018	5,51	5,51	5,33	5,41
14/12/2018	5,39	5,51	5,31	5,36
13/12/2018	5,36	5,39	5,35	5,39
12/12/2018	5,21	5,34	5,21	5,34
11/12/2018	5,17	5,20	5,15	5,15
10/12/2018	5,13	5,16	5,06	5,11
07/12/2018	5,16	5,21	5,10	5,11
06/12/2018	5,23	5,24	5,14	5,17
05/12/2018	5,25	5,31	5,25	5,25
04/12/2018	5,21	5,30	5,18	5,25
03/12/2018	5,22	5,25	5,14	5,21
30/11/2018	5,13	5,22	5,09	5,21
29/11/2018	5,23	5,24	5,18	5,23
28/11/2018	5,26	5,26	5,14	5,14
27/11/2018	5,07	5,21	5,07	5,21
26/11/2018	5,18	5,21	4,97	5,06
23/11/2018	5,31	5,40	5,06	5,17
22/11/2018	5,21	5,29	5,21	5,28
21/11/2018	5,35	5,35	5,17	5,23
19/11/2018	5,24	5,35	5,20	5,35
16/11/2018	5,21	5,26	5,03	5,11
14/11/2018	5,10	5,24	5,08	5,08
13/11/2018	5,17	5,29	5,10	5,10
12/11/2018	5,09	5,13	5,09	5,13
09/11/2018	5,13	5,23	5,09	5,09
08/11/2018	5,21	5,25	5,11	5,13
07/11/2018	5,14	5,49	5,11	5,11
06/11/2018	5,11	5,18	5,04	5,14
05/11/2018	5,14	5,14	4,95	5,11
01/11/2018	4,92	4,94	4,86	4,94
31/10/2018	5,04	5,14	5,04	5,14
30/10/2018	5,21	5,21	5,04	5,04
29/10/2018	5,06	5,21	5,06	5,14
26/10/2018	5,00	5,03	4,94	5,03
25/10/2018	4,80	4,96	4,80	4,91
24/10/2018	5,21	5,21	4,80	4,80
23/10/2018	5,14	5,31	4,96	5,14
22/10/2018	5,07	5,14	5,02	5,14
19/10/2018	5,14	5,14	5,07	5,07
18/10/2018	4,96	4,97	4,95	4,97
17/10/2018	4,94	4,97	4,94	4,97
16/10/2018	4,96	4,96	4,94	4,94
15/10/2018	4,92	4,96	4,91	4,96
11/10/2018	4,73	4,94	4,73	4,92
10/10/2018	4,76	4,97	4,76	4,91
09/10/2018	4,76	4,80	4,76	4,76
08/10/2018	4,90	4,90	4,78	4,79
05/10/2018	4,80	4,80	4,59	4,59
04/10/2018	4,73	4,80	4,55	4,80
03/10/2018	4,51	4,56	4,45	4,46
02/10/2018	4,41	4,52	4,41	4,49
01/10/2018	4,42	4,42	4,39	4,41
28/09/2018	4,44	4,44	4,41	4,41
27/09/2018	4,45	4,46	4,45	4,46
26/09/2018	4,39	4,46	4,39	4,46
25/09/2018	4,43	4,43	4,39	4,39
24/09/2018	4,46	4,47	4,42	4,42
20/09/2018	4,59	4,59	4,39	4,50
19/09/2018	4,42	4,46	4,42	4,42
18/09/2018	4,35	4,46	4,35	4,39
17/09/2018	4,39	4,39	4,32	4,39
14/09/2018	4,39	4,46	4,39	4,39
13/09/2018	4,42	4,42	4,39	4,39
12/09/2018	4,42	4,42	4,31	4,42
11/09/2018	4,55	4,55	4,39	4,42
10/09/2018	4,55	4,55	4,52	4,55
06/09/2018	4,51	4,52	4,37	4,46
05/09/2018	4,59	4,59	4,52	4,52
04/09/2018	4,59	4,59	4,59	4,59
03/09/2018	4,63	4,63	4,53	4,59
31/08/2018	4,56	4,56	4,56	4,56
30/08/2018	4,70	4,80	4,46	4,56
29/08/2018	4,52	4,94	4,46	4,94
28/08/2018	4,52	4,52	4,52	4,52
27/08/2018	4,33	4,52	4,33	4,52
24/08/2018	4,52	4,56	4,33	4,33
23/08/2018	4,50	4,50	4,50	4,50
22/08/2018	4,46	4,50	4,46	4,50
21/08/2018	4,69	4,69	4,46	4,46
20/08/2018	4,59	4,59	4,59	4,59
17/08/2018	4,73	4,74	4,58	4,58
16/08/2018	4,74	4,74	4,74	4,74
15/08/2018	4,63	4,74	4,63	4,74
14/08/2018	4,59	4,59	4,59	4,59
13/08/2018	4,52	4,52	4,46	4,46
10/08/2018	4,59	4,59	4,35	4,55
09/08/2018	4,69	4,69	4,55	4,55
08/08/2018	4,68	4,73	4,68	4,69
07/08/2018	4,68	4,68	4,43	4,56
06/08/2018	4,61	4,61	4,57	4,57
03/08/2018	4,49	4,49	4,43	4,43
02/08/2018	4,49	4,56	4,49	4,49
01/08/2018	4,50	4,50	4,49	4,49
31/07/2018	4,51	4,51	4,49	4,49
30/07/2018	4,51	4,69	4,48	4,51
26/07/2018	4,55	4,55	4,55	4,55
25/07/2018	4,36	4,36	4,35	4,36
24/07/2018	4,18	4,37	4,18	4,37
23/07/2018	4,34	4,34	4,29	4,29
20/07/2018	4,38	4,39	4,29	4,29
19/07/2018	4,39	4,39	4,36	4,36
18/07/2018	4,29	4,35	4,29	4,35
17/07/2018	4,32	4,33	4,25	4,33
16/07/2018	4,33	4,33	4,33	4,33
13/07/2018	4,29	4,41	4,29	4,41
12/07/2018	4,35	4,36	4,17	4,17
11/07/2018	4,17	4,37	4,17	4,37
10/07/2018	4,40	4,40	4,36	4,40
05/07/2018	4,62	4,62	4,36	4,37
04/07/2018	4,36	4,38	4,29	4,38
03/07/2018	4,16	4,24	4,16	4,24
02/07/2018	4,16	4,16	4,10	4,11
29/06/2018	4,16	4,16	4,16	4,16
28/06/2018	4,09	4,16	4,02	4,16
27/06/2018	4,20	4,22	4,20	4,22
26/06/2018	4,29	4,29	4,22	4,22
25/06/2018	4,06	4,16	4,06	4,16
22/06/2018	4,10	4,10	4,10	4,10
21/06/2018	4,36	4,36	4,06	4,09
20/06/2018	4,16	4,36	4,16	4,36
19/06/2018	4,17	4,17	4,16	4,16
18/06/2018	4,06	4,15	4,06	4,15
15/06/2018	4,15	4,15	4,15	4,15
14/06/2018	4,08	4,12	4,02	4,02
13/06/2018	4,08	4,08	4,08	4,08
12/06/2018	4,09	4,10	4,04	4,08
11/06/2018	4,22	4,22	4,09	4,09
08/06/2018	4,16	4,22	4,12	4,22
07/06/2018	4,26	4,26	4,09	4,22
06/06/2018	4,26	4,26	4,22	4,26
05/06/2018	4,26	4,43	4,26	4,26
04/06/2018	4,32	4,32	4,32	4,32
01/06/2018	4,29	4,32	4,09	4,32
29/05/2018	4,29	4,29	4,22	4,22
28/05/2018	4,14	4,14	4,02	4,02
25/05/2018	4,15	4,22	4,14	4,22
24/05/2018	4,29	4,29	4,14	4,14
23/05/2018	4,55	4,55	4,21	4,21
22/05/2018	4,35	4,39	4,19	4,36
21/05/2018	4,15	4,16	4,15	4,16
18/05/2018	4,29	4,29	4,16	4,20
17/05/2018	4,29	4,29	4,26	4,29
16/05/2018	4,32	4,32	4,22	4,29
15/05/2018	4,36	4,36	4,35	4,35
14/05/2018	4,40	4,40	4,30	4,30
11/05/2018	4,40	4,40	4,37	4,40
10/05/2018	4,35	4,37	4,14	4,24
09/05/2018	4,43	4,43	4,35	4,35
08/05/2018	4,48	4,48	4,43	4,43
07/05/2018	4,50	4,50	4,46	4,46
04/05/2018	4,51	4,51	4,50	4,50
03/05/2018	4,62	4,62	4,53	4,53
02/05/2018	4,48	4,49	4,43	4,43
30/04/2018	4,48	4,49	4,48	4,49
26/04/2018	4,47	4,47	4,43	4,43
25/04/2018	4,54	4,54	4,54	4,54
24/04/2018	4,43	4,43	4,43	4,43
20/04/2018	4,36	4,43	4,36	4,43
19/04/2018	4,36	4,36	4,36	4,36
17/04/2018	4,36	4,36	4,36	4,36
13/04/2018	4,36	4,36	4,36	4,36
12/04/2018	4,36	4,36	4,36	4,36
11/04/2018	4,26	4,28	4,18	4,27
09/04/2018	4,43	4,43	4,35	4,35
06/04/2018	4,43	4,43	4,38	4,43
05/04/2018	4,43	4,43	4,43	4,43
04/04/2018	4,40	4,43	4,40	4,43
02/04/2018	4,43	4,43	4,43	4,43
29/03/2018	4,43	4,43	4,43	4,43
27/03/2018	4,36	4,36	4,34	4,35
26/03/2018	4,36	4,36	4,36	4,36
23/03/2018	4,30	4,30	4,30	4,30
22/03/2018	4,30	4,30	4,30	4,30
21/03/2018	4,33	4,33	4,29	4,30
20/03/2018	4,39	4,39	4,39	4,39
16/03/2018	4,36	4,39	4,33	4,39
15/03/2018	4,42	4,42	4,42	4,42
14/03/2018	4,43	4,43	4,42	4,42
12/03/2018	4,43	4,43	4,43	4,43
09/03/2018	4,18	4,36	4,18	4,36
08/03/2018	4,36	4,36	4,20	4,36
07/03/2018	4,32	4,36	4,32	4,36
06/03/2018	4,36	4,36	4,34	4,36
05/03/2018	4,36	4,36	4,36	4,36
02/03/2018	4,30	4,33	4,30	4,33
01/03/2018	4,30	4,30	4,30	4,30
28/02/2018	4,32	4,33	4,29	4,30
27/02/2018	4,43	4,48	4,43	4,44
26/02/2018	4,29	4,48	4,29	4,43
23/02/2018	4,28	4,29	4,28	4,29
21/02/2018	4,17	4,29	4,17	4,29
20/02/2018	4,29	4,29	4,29	4,29
19/02/2018	4,29	4,29	4,13	4,29
16/02/2018	4,28	4,28	4,28	4,28
15/02/2018	4,29	4,29	4,29	4,29
14/02/2018	4,29	4,29	4,29	4,29
09/02/2018	4,29	4,29	4,28	4,28
08/02/2018	4,30	4,30	4,18	4,30
06/02/2018	4,19	4,30	4,18	4,30
05/02/2018	4,25	4,35	4,25	4,35
01/02/2018	4,36	4,36	4,36	4,36
30/01/2018	4,24	4,24	4,24	4,24
29/01/2018	4,24	4,24	4,24	4,24
26/01/2018	4,36	4,65	4,36	4,36
23/01/2018	4,29	4,29	4,29	4,29
19/01/2018	4,29	4,29	4,29	4,29
17/01/2018	4,28	4,28	4,28	4,28
16/01/2018	4,31	4,31	4,31	4,31
15/01/2018	4,36	4,36	4,36	4,36
11/01/2018	4,33	4,36	4,33	4,36
10/01/2018	4,38	4,43	4,07	4,40
09/01/2018	4,38	4,47	4,38	4,45
05/01/2018	4,55	4,55	4,37	4,37
04/01/2018	4,43	4,43	4,27	4,27
03/01/2018	4,30	4,37	4,29	4,37
26/12/2017	4,38	4,38	4,24	4,30
22/12/2017	4,47	4,47	4,47	4,47
21/12/2017	4,19	4,19	4,19	4,19
18/12/2017	4,35	4,35	4,35	4,35
15/12/2017	4,38	4,42	4,27	4,35
14/12/2017	4,40	4,40	4,40	4,40
13/12/2017	4,38	4,38	4,36	4,36
11/12/2017	4,18	4,20	4,18	4,20
04/12/2017	4,44	4,44	4,37	4,37
01/12/2017	4,44	4,44	4,44	4,44
28/11/2017	4,56	4,56	4,56	4,56
24/11/2017	4,38	4,50	4,36	4,47
22/11/2017	4,29	4,29	4,29	4,29
21/11/2017	4,25	4,29	4,25	4,29
17/11/2017	4,19	4,25	4,19	4,25
16/11/2017	4,20	4,20	4,20	4,20
14/11/2017	4,26	4,26	4,06	4,06
13/11/2017	4,20	4,26	4,20	4,26
10/11/2017	4,20	4,20	4,20	4,20
09/11/2017	4,20	4,22	4,20	4,20
08/11/2017	4,20	4,20	4,20	4,20
07/11/2017	4,21	4,21	4,20	4,20
06/11/2017	4,26	4,26	4,20	4,20
03/11/2017	4,26	4,26	4,26	4,26
01/11/2017	4,29	4,29	4,26	4,26
31/10/2017	4,26	4,26	4,26	4,26
30/10/2017	4,26	4,26	4,23	4,25
27/10/2017	4,38	4,38	4,25	4,26
26/10/2017	4,40	4,40	4,26	4,29
25/10/2017	4,42	4,45	4,42	4,42
24/10/2017	4,49	4,49	4,41	4,42
23/10/2017	4,51	4,51	4,51	4,51
20/10/2017	4,51	4,52	4,51	4,51
19/10/2017	4,57	4,57	4,51	4,51
18/10/2017	4,57	4,57	4,57	4,57
17/10/2017	4,52	4,57	4,52	4,55
16/10/2017	4,52	4,54	4,52	4,52
13/10/2017	4,52	4,57	4,52	4,57
11/10/2017	4,51	4,51	4,51	4,51
10/10/2017	4,63	4,63	4,63	4,63
09/10/2017	4,63	4,63	4,60	4,61
06/10/2017	4,63	4,63	4,63	4,63
05/10/2017	4,63	4,67	4,63	4,63
04/10/2017	4,57	4,63	4,57	4,63
03/10/2017	4,46	4,51	4,42	4,51
02/10/2017	4,46	4,46	4,46	4,46
29/09/2017	4,51	4,57	4,51	4,57
27/09/2017	4,44	4,49	4,44	4,49
26/09/2017	4,54	4,57	4,46	4,54
25/09/2017	4,59	4,59	4,54	4,54
22/09/2017	4,65	4,65	4,57	4,59
21/09/2017	4,70	4,70	4,63	4,68
20/09/2017	4,63	4,65	4,63	4,64
19/09/2017	4,72	4,72	4,63	4,70
18/09/2017	4,70	4,70	4,70	4,70
15/09/2017	4,75	4,76	4,63	4,73
14/09/2017	4,74	4,76	4,74	4,75
13/09/2017	4,75	4,75	4,75	4,75
12/09/2017	4,75	4,75	4,75	4,75
11/09/2017	4,72	4,73	4,72	4,73
08/09/2017	4,67	4,67	4,67	4,67
06/09/2017	4,69	4,69	4,67	4,67
04/09/2017	4,67	4,67	4,63	4,67
01/09/2017	4,57	4,59	4,57	4,59
31/08/2017	4,76	4,76	4,63	4,66
30/08/2017	4,71	4,71	4,62	4,62
29/08/2017	4,77	4,78	4,73	4,75
28/08/2017	4,82	4,82	4,82	4,82
23/08/2017	4,82	4,82	4,82	4,82
22/08/2017	4,63	4,63	4,63	4,63
21/08/2017	4,71	4,71	4,68	4,68
18/08/2017	4,73	4,86	4,73	4,73
17/08/2017	4,68	4,68	4,63	4,63
16/08/2017	4,88	4,88	4,59	4,59
14/08/2017	4,80	4,80	4,78	4,78
11/08/2017	4,80	4,80	4,80	4,80
10/08/2017	4,64	4,64	4,64	4,64
09/08/2017	4,80	4,80	4,80	4,80
04/08/2017	4,78	4,78	4,78	4,78
02/08/2017	4,72	4,72	4,69	4,72
01/08/2017	4,84	4,84	4,70	4,70
31/07/2017	4,72	4,72	4,72	4,72
28/07/2017	4,72	4,72	4,64	4,64
27/07/2017	4,75	4,75	4,72	4,72
26/07/2017	4,69	4,80	4,69	4,80
25/07/2017	4,58	4,59	4,57	4,57
24/07/2017	4,70	4,70	4,54	4,57
21/07/2017	4,68	4,68	4,48	4,63
20/07/2017	4,69	5,13	4,69	4,76
19/07/2017	4,66	4,66	4,66	4,66
18/07/2017	4,72	4,72	4,72	4,72
17/07/2017	4,69	4,71	4,69	4,70
14/07/2017	4,72	4,72	4,72	4,72
13/07/2017	4,62	4,71	4,62	4,71
11/07/2017	4,88	4,88	4,60	4,84
10/07/2017	4,60	4,87	4,60	4,87
06/07/2017	4,57	4,57	4,57	4,57
05/07/2017	4,50	4,50	4,50	4,50
04/07/2017	4,50	4,50	4,50	4,50
03/07/2017	4,50	4,50	4,46	4,46
30/06/2017	4,50	4,51	4,48	4,48
27/06/2017	4,66	4,66	4,37	4,66
26/06/2017	4,66	4,66	4,66	4,66
23/06/2017	4,66	4,66	4,66	4,66
22/06/2017	4,60	4,60	4,60	4,60
21/06/2017	4,60	4,60	4,60	4,60
20/06/2017	4,60	4,60	4,60	4,60
19/06/2017	4,60	4,60	4,35	4,35
16/06/2017	4,61	4,61	4,35	4,35
14/06/2017	4,61	4,61	4,60	4,60
06/06/2017	4,70	4,70	4,66	4,66
05/06/2017	4,91	4,91	4,66	4,66
02/06/2017	4,91	4,91	4,91	4,91
01/06/2017	4,91	4,91	4,91	4,91
31/05/2017	5,52	5,52	5,46	5,46
29/05/2017	6,13	6,13	6,13	6,13
26/05/2017	6,13	6,13	6,12	6,13
10/05/2017	7,26	7,26	7,26	7,26
