Data	Abertura	Máxima	Mínima	Fechamento
01/06/2022	3,14	3,18	3,06	3,09
31/05/2022	3,18	3,22	3,10	3,14
30/05/2022	3,29	3,34	3,14	3,17
27/05/2022	3,37	3,39	3,23	3,25
26/05/2022	3,22	3,37	3,16	3,35
25/05/2022	3,02	3,29	2,95	3,22
24/05/2022	2,97	3,03	2,94	3,03
23/05/2022	3,01	3,05	2,94	3,01
20/05/2022	3,07	3,08	2,93	3,00
19/05/2022	2,90	3,03	2,86	2,99
18/05/2022	2,96	3,02	2,87	2,92
17/05/2022	3,00	3,04	2,92	2,99
16/05/2022	2,80	2,93	2,73	2,92
13/05/2022	2,77	2,85	2,74	2,78
12/05/2022	2,58	2,77	2,52	2,71
11/05/2022	2,63	2,77	2,58	2,59
10/05/2022	2,82	2,87	2,56	2,63
09/05/2022	2,70	2,77	2,66	2,69
06/05/2022	2,81	2,88	2,75	2,77
05/05/2022	2,90	2,93	2,80	2,86
04/05/2022	2,83	3,07	2,75	3,02
03/05/2022	2,92	2,95	2,80	2,86
02/05/2022	2,98	3,00	2,88	2,91
29/04/2022	3,12	3,16	2,97	2,97
28/04/2022	3,15	3,15	2,99	3,08
27/04/2022	3,18	3,24	3,06	3,08
26/04/2022	3,18	3,22	3,01	3,04
25/04/2022	3,10	3,24	3,08	3,19
22/04/2022	3,19	3,24	3,11	3,14
20/04/2022	3,41	3,48	3,25	3,27
19/04/2022	3,40	3,52	3,37	3,41
18/04/2022	3,38	3,46	3,33	3,44
14/04/2022	3,52	3,53	3,41	3,41
13/04/2022	3,58	3,60	3,42	3,50
12/04/2022	3,65	3,72	3,45	3,53
11/04/2022	3,49	3,67	3,45	3,53
08/04/2022	3,79	3,79	3,60	3,60
07/04/2022	3,85	3,93	3,75	3,91
06/04/2022	3,99	3,99	3,77	3,85
05/04/2022	4,22	4,37	4,01	4,03
04/04/2022	4,31	4,33	4,12	4,26
01/04/2022	4,27	4,39	4,23	4,33
31/03/2022	4,21	4,27	4,13	4,17
30/03/2022	4,28	4,28	4,12	4,19
29/03/2022	4,05	4,32	4,04	4,28
28/03/2022	3,96	4,02	3,82	3,94
25/03/2022	3,85	4,00	3,76	3,97
24/03/2022	3,64	3,87	3,62	3,82
23/03/2022	3,61	3,76	3,55	3,67
22/03/2022	3,56	3,69	3,52	3,65
21/03/2022	3,52	3,69	3,45	3,48
18/03/2022	3,36	3,57	3,36	3,55
17/03/2022	3,25	3,43	3,25	3,41
16/03/2022	3,29	3,37	3,20	3,32
15/03/2022	3,10	3,30	3,06	3,23
14/03/2022	3,25	3,35	3,10	3,16
11/03/2022	3,29	3,42	3,18	3,21
10/03/2022	3,39	3,39	3,15	3,27
09/03/2022	3,50	3,57	3,39	3,41
08/03/2022	3,49	3,57	3,32	3,40
07/03/2022	3,60	3,63	3,38	3,40
04/03/2022	3,73	3,80	3,60	3,62
03/03/2022	3,90	4,00	3,74	3,74
02/03/2022	3,76	3,88	3,68	3,86
25/02/2022	3,88	3,93	3,75	3,79
24/02/2022	3,58	3,97	3,52	3,91
23/02/2022	3,88	4,12	3,82	3,82
22/02/2022	3,81	4,00	3,72	3,87
21/02/2022	3,93	3,94	3,76	3,76
18/02/2022	4,06	4,11	3,90	3,94
17/02/2022	4,13	4,18	4,01	4,01
16/02/2022	4,14	4,32	4,11	4,15
15/02/2022	4,09	4,16	4,06	4,12
14/02/2022	4,12	4,20	3,98	4,02
11/02/2022	4,34	4,42	4,06	4,12
10/02/2022	4,05	4,38	3,99	4,34
09/02/2022	4,17	4,25	4,00	4,04
08/02/2022	4,05	4,15	3,99	4,14
07/02/2022	4,22	4,28	4,02	4,06
04/02/2022	4,47	4,51	4,21	4,22
03/02/2022	4,45	4,66	4,31	4,48
02/02/2022	4,78	4,81	4,38	4,40
01/02/2022	4,85	5,03	4,65	4,70
31/01/2022	4,56	4,86	4,53	4,72
28/01/2022	4,60	4,60	4,42	4,57
27/01/2022	4,41	4,67	4,39	4,62
26/01/2022	4,47	4,55	4,29	4,35
25/01/2022	4,11	4,38	4,10	4,35
24/01/2022	4,36	4,36	4,07	4,22
21/01/2022	4,16	4,57	4,12	4,35
20/01/2022	4,00	4,33	4,00	4,21
19/01/2022	3,80	4,13	3,78	4,00
18/01/2022	3,87	3,89	3,75	3,75
17/01/2022	3,93	3,98	3,83	3,90
14/01/2022	4,01	4,05	3,89	3,97
13/01/2022	4,06	4,15	3,92	3,99
12/01/2022	4,04	4,24	3,99	4,11
11/01/2022	3,99	4,13	3,99	4,04
10/01/2022	4,15	4,17	4,00	4,01
07/01/2022	4,38	4,48	4,15	4,17
06/01/2022	4,61	4,61	4,33	4,36
05/01/2022	4,71	4,73	4,48	4,57
04/01/2022	5,01	5,06	4,70	4,73
03/01/2022	5,27	5,34	4,86	4,98
30/12/2021	5,04	5,32	5,02	5,25
29/12/2021	4,98	5,05	4,86	5,02
28/12/2021	4,86	5,05	4,78	4,95
27/12/2021	4,53	4,89	4,52	4,86
23/12/2021	4,51	4,58	4,40	4,50
22/12/2021	4,64	4,68	4,50	4,50
21/12/2021	4,86	4,87	4,61	4,61
20/12/2021	4,71	4,93	4,67	4,74
17/12/2021	4,90	4,98	4,71	4,85
16/12/2021	5,25	5,31	4,87	4,91
15/12/2021	4,98	5,24	4,82	5,20
14/12/2021	5,37	5,46	4,92	4,96
13/12/2021	5,51	5,68	5,31	5,31
10/12/2021	5,52	5,75	5,41	5,48
09/12/2021	5,64	5,77	5,30	5,36
08/12/2021	5,79	5,89	5,43	5,77
07/12/2021	5,80	5,91	5,60	5,80
06/12/2021	5,43	5,63	5,36	5,61
03/12/2021	5,17	5,45	5,15	5,36
02/12/2021	5,26	5,44	4,98	5,15
01/12/2021	5,81	5,85	5,20	5,20
30/11/2021	5,79	5,88	5,55	5,67
29/11/2021	5,79	5,93	5,65	5,85
26/11/2021	5,72	5,83	5,60	5,68
25/11/2021	5,92	6,11	5,86	5,95
24/11/2021	5,84	6,03	5,72	5,87
23/11/2021	5,80	5,94	5,61	5,92
22/11/2021	5,79	5,97	5,61	5,71
19/11/2021	5,60	6,06	5,55	5,72
18/11/2021	5,60	5,75	5,47	5,58
17/11/2021	5,77	5,88	5,50	5,56
16/11/2021	6,22	6,31	5,72	5,73
12/11/2021	6,20	6,50	6,13	6,21
11/11/2021	5,80	6,45	5,76	6,17
10/11/2021	7,50	7,66	7,05	7,05
09/11/2021	7,06	7,70	7,06	7,54
08/11/2021	7,14	7,40	7,02	7,06
05/11/2021	6,75	7,32	6,73	7,29
04/11/2021	6,79	7,02	6,54	6,58
03/11/2021	6,64	6,99	6,49	6,90
01/11/2021	6,28	6,69	6,25	6,65
29/10/2021	6,45	6,50	6,15	6,15
28/10/2021	6,53	6,74	6,36	6,37
27/10/2021	6,70	6,99	6,59	6,62
26/10/2021	6,95	7,00	6,66	6,66
25/10/2021	7,14	7,23	6,82	7,09
22/10/2021	6,86	7,15	6,30	6,97
21/10/2021	7,34	7,41	6,87	6,92
20/10/2021	7,88	7,93	7,39	7,49
19/10/2021	8,10	8,13	7,70	7,80
18/10/2021	8,03	8,31	7,79	8,18
15/10/2021	8,01	8,18	7,95	8,14
14/10/2021	8,32	8,37	7,94	8,00
13/10/2021	7,96	8,27	7,89	8,21
11/10/2021	8,06	8,16	7,88	7,91
08/10/2021	7,87	8,34	7,85	8,06
07/10/2021	8,15	8,27	7,79	7,79
06/10/2021	7,61	8,13	7,43	8,12
05/10/2021	7,77	8,10	7,65	7,85
04/10/2021	8,13	8,13	7,70	7,70
01/10/2021	7,75	8,45	7,62	8,29
30/09/2021	7,95	8,02	7,61	7,71
29/09/2021	8,08	8,25	7,86	7,86
28/09/2021	8,00	8,12	7,80	7,91
27/09/2021	8,52	8,57	8,06	8,10
24/09/2021	8,42	8,51	8,29	8,50
23/09/2021	8,58	8,83	8,50	8,59
22/09/2021	9,00	9,04	8,40	8,57
21/09/2021	8,08	8,88	8,00	8,78
20/09/2021	8,23	8,38	7,78	7,89
17/09/2021	8,65	8,69	8,27	8,46
16/09/2021	8,68	8,87	8,48	8,69
15/09/2021	9,09	9,13	8,74	8,78
14/09/2021	9,28	9,44	9,03	9,05
13/09/2021	9,23	9,40	9,13	9,20
10/09/2021	9,77	9,87	9,02	9,02
09/09/2021	9,09	9,55	8,66	9,50
08/09/2021	9,83	9,85	9,01	9,02
06/09/2021	9,55	9,95	9,45	9,95
03/09/2021	9,76	9,85	9,32	9,62
02/09/2021	10,29	10,32	9,64	9,64
01/09/2021	10,45	10,55	10,20	10,27
31/08/2021	10,74	10,96	10,27	10,39
30/08/2021	10,90	10,97	10,67	10,76
27/08/2021	10,95	11,07	10,78	10,87
26/08/2021	11,20	11,40	10,89	10,89
25/08/2021	11,19	11,46	11,05	11,27
24/08/2021	10,88	11,43	10,88	11,30
23/08/2021	11,35	11,42	10,80	10,80
20/08/2021	11,06	11,48	10,95	11,27
19/08/2021	10,51	11,20	10,47	11,20
18/08/2021	10,72	11,30	10,47	10,75
17/08/2021	10,47	10,75	10,19	10,60
16/08/2021	11,17	11,28	10,47	10,61
13/08/2021	12,18	12,23	11,25	11,30
12/08/2021	12,50	12,52	11,91	12,07
11/08/2021	12,88	13,02	12,45	13,02
10/08/2021	12,76	13,06	12,69	12,80
09/08/2021	12,28	12,75	12,26	12,71
06/08/2021	12,30	12,40	12,14	12,35
05/08/2021	12,31	12,78	12,16	12,16
04/08/2021	12,51	12,57	12,17	12,25
03/08/2021	12,66	12,67	12,12	12,56
02/08/2021	12,87	13,01	12,73	12,73
30/07/2021	13,03	13,12	12,56	12,59
29/07/2021	13,26	13,38	13,00	13,20
28/07/2021	13,35	13,42	12,91	13,27
27/07/2021	13,74	13,83	13,07	13,25
26/07/2021	14,04	14,12	13,70	13,74
23/07/2021	14,25	14,29	13,91	14,09
22/07/2021	14,13	14,32	14,05	14,28
21/07/2021	14,16	14,22	13,94	14,15
20/07/2021	14,06	14,23	13,87	14,03
19/07/2021	14,23	14,53	13,90	14,05
16/07/2021	14,81	14,95	14,58	14,60
15/07/2021	14,81	15,30	14,67	14,73
14/07/2021	15,00	15,12	14,81	14,86
13/07/2021	14,64	15,00	14,52	14,86
12/07/2021	15,03	15,05	14,67	14,73
08/07/2021	14,76	14,90	14,53	14,85
07/07/2021	15,16	15,27	14,87	15,15
06/07/2021	15,40	15,46	14,98	15,00
05/07/2021	15,66	15,69	15,25	15,48
02/07/2021	15,54	15,76	15,37	15,60
01/07/2021	15,89	15,93	15,30	15,46
30/06/2021	15,84	15,98	15,71	15,79
29/06/2021	16,06	16,07	15,67	16,02
28/06/2021	15,61	16,15	15,61	16,03
25/06/2021	15,95	16,01	15,43	15,72
24/06/2021	16,00	16,13	15,74	15,77
23/06/2021	16,07	16,19	15,76	15,80
22/06/2021	15,64	16,07	15,48	15,93
21/06/2021	15,25	15,79	15,18	15,75
18/06/2021	15,00	15,26	14,92	15,17
17/06/2021	14,68	15,12	14,48	15,06
16/06/2021	14,76	15,03	14,58	14,68
15/06/2021	14,83	14,94	14,66	14,76
14/06/2021	14,87	15,21	14,72	14,80
11/06/2021	14,53	14,62	14,15	14,60
10/06/2021	15,14	15,18	14,54	14,56
09/06/2021	15,27	15,35	14,97	15,08
08/06/2021	14,99	15,29	14,90	15,29
07/06/2021	14,61	15,02	14,61	14,65
04/06/2021	14,38	14,77	14,21	14,55
02/06/2021	13,83	14,59	13,68	14,35
01/06/2021	13,15	13,97	13,09	13,84
31/05/2021	12,75	13,07	12,65	12,98
28/05/2021	12,72	12,87	12,50	12,72
27/05/2021	12,51	12,72	12,44	12,72
26/05/2021	12,51	12,81	12,44	12,51
25/05/2021	12,55	12,63	12,37	12,43
24/05/2021	11,95	12,56	11,95	12,46
21/05/2021	11,92	12,14	11,73	11,87
20/05/2021	12,05	12,13	11,91	11,91
19/05/2021	11,87	12,07	11,81	12,05
18/05/2021	11,96	12,15	11,92	11,99
17/05/2021	12,09	12,20	11,89	11,98
14/05/2021	12,30	12,42	12,06	12,13
13/05/2021	12,00	12,28	11,92	12,22
12/05/2021	11,95	12,16	11,61	11,70
11/05/2021	11,86	12,12	11,71	12,12
10/05/2021	12,15	12,35	11,90	12,03
07/05/2021	12,08	12,31	12,00	12,16
06/05/2021	12,03	12,17	11,80	11,96
05/05/2021	11,91	12,18	11,88	12,10
04/05/2021	11,89	11,95	11,72	11,94
03/05/2021	11,95	12,08	11,76	11,87
30/04/2021	12,00	12,26	11,83	11,83
29/04/2021	12,23	12,30	11,97	12,10
28/04/2021	12,28	12,41	11,96	12,22
27/04/2021	12,90	12,93	12,11	12,16
26/04/2021	13,35	13,45	12,74	12,85
23/04/2021	12,85	13,16	12,69	13,12
22/04/2021	12,76	13,27	12,59	12,63
20/04/2021	12,78	12,83	12,50	12,67
19/04/2021	12,80	12,95	12,65	12,80
16/04/2021	12,80	12,89	12,58	12,75
15/04/2021	12,88	13,03	12,71	12,83
14/04/2021	12,68	12,93	12,54	12,78
13/04/2021	12,59	12,83	12,50	12,61
12/04/2021	12,57	12,69	12,36	12,57
09/04/2021	12,80	12,82	12,40	12,47
08/04/2021	12,33	13,04	12,28	12,92
07/04/2021	12,31	12,42	12,07	12,31
06/04/2021	12,56	12,66	12,28	12,36
05/04/2021	12,50	12,67	12,35	12,52
01/04/2021	12,10	12,52	12,07	12,25
31/03/2021	12,32	12,49	12,01	12,07
30/03/2021	11,83	12,45	11,79	12,34
29/03/2021	11,95	12,07	11,72	11,81
26/03/2021	12,02	12,13	11,74	11,97
25/03/2021	11,50	12,04	11,32	12,04
24/03/2021	12,18	12,21	11,40	11,44
23/03/2021	12,01	12,22	11,77	12,11
22/03/2021	12,07	12,44	11,83	12,08
19/03/2021	11,70	12,23	11,69	12,16
18/03/2021	12,04	12,10	11,57	11,61
17/03/2021	11,88	12,22	11,77	12,19
16/03/2021	12,16	12,37	11,79	12,00
15/03/2021	11,82	12,37	11,74	12,24
12/03/2021	12,07	12,20	11,76	11,80
11/03/2021	12,25	12,43	11,86	12,32
10/03/2021	11,16	12,19	11,10	12,11
09/03/2021	11,67	11,72	10,95	10,98
08/03/2021	11,77	12,20	11,42	11,54
05/03/2021	12,09	12,24	11,69	12,03
04/03/2021	12,00	12,60	11,92	12,11
03/03/2021	12,32	12,35	11,32	11,92
02/03/2021	11,95	12,15	11,19	12,02
01/03/2021	12,06	12,59	11,98	12,11
26/02/2021	12,83	13,12	11,75	11,87
25/02/2021	13,25	13,63	12,54	12,63
24/02/2021	13,30	13,40	13,01	13,27
23/02/2021	13,13	13,54	13,07	13,19
22/02/2021	13,30	13,52	12,91	12,94
19/02/2021	14,44	14,62	14,00	14,00
18/02/2021	14,52	14,85	14,31	14,49
17/02/2021	14,40	14,72	14,31	14,62
12/02/2021	14,46	14,62	14,28	14,48
11/02/2021	14,51	14,79	14,38	14,60
10/02/2021	14,94	14,97	14,29	14,35
09/02/2021	15,16	15,47	14,88	14,93
08/02/2021	15,15	15,31	14,97	15,22
05/02/2021	15,12	15,20	14,90	15,08
04/02/2021	15,10	15,45	14,87	15,00
03/02/2021	15,40	15,48	14,94	15,08
02/02/2021	14,50	15,39	14,50	15,28
01/02/2021	14,95	14,97	14,33	14,38
29/01/2021	15,10	15,22	14,52	14,69
28/01/2021	14,23	15,34	14,00	15,29
27/01/2021	14,53	14,67	14,08	14,17
26/01/2021	14,22	14,89	14,20	14,52
22/01/2021	14,03	14,43	13,88	14,19
21/01/2021	14,70	14,77	13,92	14,26
20/01/2021	14,38	15,04	14,34	14,57
19/01/2021	14,64	14,77	14,24	14,32
18/01/2021	14,69	15,00	14,41	14,54
15/01/2021	14,72	14,86	14,53	14,58
14/01/2021	14,92	15,00	14,67	14,90
13/01/2021	15,10	15,20	14,80	14,85
12/01/2021	15,18	15,31	15,01	15,17
11/01/2021	15,25	15,45	14,98	15,12
08/01/2021	15,12	15,82	15,08	15,53
07/01/2021	15,70	15,81	14,92	15,08
06/01/2021	16,10	16,14	15,40	15,51
05/01/2021	16,01	16,35	15,65	16,22
04/01/2021	16,49	16,77	15,96	16,17
